filename,width,height,class,xmin,ymin,xmax,ymax
RVO0O5YMTYT_1.jpg,721,1109,handbag,189.0462,143.6155,456.5372,487.4055
OB6JTV587HU_1.jpg,588,440,handbag,82.4376,15.268,508.5024,429.792
0MD4A7AZASI_1.jpg,553,414,handbag,30.415,0.0,509.866,406.7136
hdf5_4772_FWZKN3X2JVA_1.jpg,227,227,handbag,0.0,0.0,227.0,227.0
hdf5_2387_KEAFWXQ7LUS_1.jpg,227,227,handbag,18.9999,39.5661,204.0049,224.5711
hdf5_4794_IF3HNB0MLNV_1.jpg,227,227,handbag,4.994,11.5543,227.0,214.5604
V8GVZB7XV7R_1.jpg,193,479,handbag,0.0,178.2359,122.1111,290.1303
hdf5_3781_9274E5AT7JC_1.jpg,227,227,handbag,2.9964,38.5673,219.0096,192.5641
3FVFL9I520W_1.jpg,849,1363,handbag,191.1948,410.3993,421.5285,622.2095
hdf5_5046_IAGDQW7FXSI_1.jpg,227,227,handbag,39.9974,23.5626,186.0038,203.5736
6ONW6KWJBNP_1.jpg,313,313,handbag,49.8922,0.0,263.1078,311.5915
hdf5_5287_S0FHI0NKIND_1.jpg,227,227,handbag,3.9952,31.553,223.0048,194.5617
CBKVM1FA7WU_1.jpg,784,784,handbag,83.2608,93.6096,695.8,747.3088
hdf5_5189_LL3ZDMXU32G_1.jpg,227,227,handbag,19.9987,9.5567,212.9941,226.5687
hdf5_1918_PU41HTSVXZH_1.jpg,227,227,handbag,0.9988,6.5603,221.0072,188.5689
UMV88JF2Z9J_1.jpg,951,588,handbag,32.334,208.3284,338.2707,558.1884
RLPGEJJBGXB_1.jpg,735,490,handbag,82.32,24.059,719.3445,462.119
TKY5RH4HYNZ_1.jpg,705,2447,handbag,131.2005,697.6397,569.8515,1131.0034
683MNGWH8UD_1.jpg,441,461,handbag,153.8649,232.0213,334.1898,401.7154
hdf5_3360_BACODZMP17S_1.jpg,227,227,handbag,35.0034,20.5662,187.0026,205.5712
hdf5_4391_8Y7DNHDSA1X_1.jpg,227,227,handbag,0.0,0.0,227.0,227.0
VQ48MSZQOZO_1.jpg,522,784,handbag,30.3804,32.928,443.6478,756.0896
HDWTNV5KJCB_1.jpg,333,265,handbag,0.0,0.0,333.0,265.0
VVE72L6HX2K_1.jpg,721,541,handbag,67.6298,14.2824,655.389,515.0861
hdf5_2813_2Z3F98NIOIB_1.jpg,227,227,handbag,0.0,0.0,227.0,227.0
NBWSIT1XJQX_1.jpg,684,510,handbag,50.0688,2.499,645.696,510.0
E1PNARXDFRO_1.jpg,341,466,handbag,0.0,0.0,341.0,466.0
hdf5_2781_LPB4YOZRAMM_1.jpg,227,227,handbag,0.0,54.5708,227.0,222.5508
72AZ85AM00B_1.jpg,388,335,handbag,0.0,0.0,388.0,335.0
S7XD0Z7IQHB_1.jpg,231,347,handbag,111.573,145.6359,231.0,261.291
NZE8W5CSTRX_1.jpg,378,441,handbag,0.0,0.0,378.0,441.0
hdf5_2354_RUVETU0OHTZ_1.jpg,227,227,handbag,0.0,0.0,227.0,227.0
hdf5_3591_POEDQYKGU0X_1.jpg,227,227,handbag,4.994,37.5685,224.0036,191.5653
Y5NV0A39IKB_1.jpg,635,719,handbag,97.028,19.1973,507.619,551.0416
hdf5_1757_J57X5K2TLKE_1.jpg,227,227,handbag,18.9999,0.0,205.0037,219.5544
TUDYU94VB0J_1.jpg,447,559,handbag,108.7998,263.4008,330.333,446.7528
EMHFBU0EO9H_1.jpg,569,569,handbag,15.7044,0.0,569.0,546.9797
YJ6U4VH3N1W_1.jpg,607,352,handbag,0.0,0.0,607.0,352.0
CVNAQUSLN8Z_1.jpg,569,569,handbag,2.9588,58.4363,564.1066,564.6756
KDQG7CS33JQ_1.jpg,560,592,handbag,90.216,38.7168,485.464,568.0832
DD7S2YWR5HV_1.jpg,784,784,handbag,117.4432,101.6848,673.3776,762.3616
4I0ZPVBB1PE_1.jpg,588,588,handbag,0.0,19.1688,558.6,559.1292
4IBCCDY435O_1.jpg,721,721,handbag,0.0,0.0,721.0,721.0
hdf5_208_U43D7H7W07X_1.jpg,227,227,handbag,36.0022,12.5531,211.9953,211.564
hdf5_4985_1A0UPRV9CGI_1.jpg,227,227,handbag,1.9976,40.5649,227.0,179.557
2PGEK88V0YG_1.jpg,1255,705,handbag,597.129,56.3295,1253.996,675.1785
PMCTJG5NSYO_1.jpg,980,980,handbag,0.0,0.0,980.0,980.0
hdf5_3050_9S33Q2435LH_1.jpg,227,227,handbag,15.0047,0.5675,201.0085,156.5619
9F5PPO7HLTV_1.jpg,1043,1207,handbag,0.0,0.0,1043.0,1207.0
DZYMCP94YMB_1.jpg,505,686,handbag,265.226,3.4986,415.918,148.7248
hdf5_4668_8LQREQLWQ6O_1.jpg,227,227,handbag,37.001,19.5674,169.0015,208.5676
hdf5_1073_0YQEBL18J9O_1.jpg,227,227,handbag,12.0083,28.5566,215.9905,227.0
WEWRGY0VB6G_1.jpg,529,752,handbag,0.0,0.0,529.0,752.0
hdf5_2566_WKB0EK8T2AT_1.jpg,227,227,handbag,2.9964,4.5627,219.0096,227.0
hdf5_3144_2KJE05M2M9Q_1.jpg,227,227,handbag,0.0,0.0,227.0,227.0
hdf5_4552_8IDT5TR5SQZ_1.jpg,227,227,handbag,0.0,0.0,227.0,227.0
hdf5_5836_NGU86PR8MZH_1.jpg,227,227,handbag,21.9963,7.5591,189.999,223.5723
hdf5_1516_OJIQZ2OCIXB_1.jpg,227,227,handbag,15.0047,0.0,220.0084,212.5628
JL8TIUY4UUO_1.jpg,769,769,handbag,153.031,299.7562,677.7966,753.8507
RGV6RDYU6PP_1.jpg,205,205,handbag,0.0,0.0,205.0,205.0
X6C4G8KXM7Y_1.jpg,447,559,handbag,33.3462,98.6076,423.4878,515.398
7SHXTPQAIXX_1.jpg,934,784,handbag,59.776,48.608,890.8492,729.6688
VX6JTJJETKT_1.jpg,696,980,handbag,140.94,374.948,543.2976,870.828
hdf5_2287_EVXLFTQ0QMQ_1.jpg,227,227,handbag,0.0,0.0,227.0,227.0
hdf5_2624_QPB4QM78UEW_1.jpg,227,227,handbag,7.9904,2.5651,218.0108,227.0
hdf5_3219_6RGGNQHPBBS_1.jpg,227,227,handbag,0.0,0.0,227.0,227.0
7HL5GRQHY0K_1.jpg,313,313,handbag,16.6203,48.4837,304.2047,261.6993
S6S5GMH2GKF_1.jpg,309,309,handbag,67.4856,69.9885,262.0629,299.7609
hdf5_3587_7GHOP0M4LEM_1.jpg,227,227,handbag,18.9999,8.5579,204.0049,215.5592
hdf5_6046_1OKXQ06NS8N_1.jpg,227,227,handbag,0.0,0.0,227.0,227.0
8FSVEJOAX8W_1.jpg,392,295,handbag,109.76,2.5075,290.08,280.899
KYOLTSO6K4V_1.jpg,1255,886,handbag,85.34,140.5196,415.656,476.3136
RSR4XYRX13G_1.jpg,588,408,handbag,115.6596,0.0,424.3596,407.592
039NDXWTJOG_1.jpg,980,980,handbag,54.88,193.648,953.54,767.928
FEF1YILDIFJ_1.jpg,748,1363,handbag,73.5284,604.6268,288.2044,913.4826
hdf5_5820_IMCWLYSZ51E_1.jpg,227,227,handbag,10.0107,46.5577,208.0001,206.57
3CL029MDBKP_1.jpg,1059,1411,handbag,137.2464,110.3402,931.4964,1205.8406
hdf5_5619_BYPVIQX062K_1.jpg,227,227,handbag,0.0,0.0,227.0,227.0
hdf5_3221_F18HMOBIF7S_1.jpg,227,227,handbag,0.0,66.5564,227.0,212.5628
JCCVA2HHFCO_1.jpg,559,737,handbag,7.826,19.162,545.2486,715.9955
CWDWM3GJ3YC_1.jpg,559,700,handbag,78.4836,0.0,511.9322,700.0
RRJUF3KH7QQ_1.jpg,677,441,handbag,128.5623,5.4684,551.4165,441.0
hdf5_5000_T219LW4SP4J_1.jpg,227,227,handbag,0.0,0.0,227.0,227.0
7OB075ZGK2F_1.jpg,569,569,handbag,15.7044,119.6038,549.3695,435.4557
9W6SXW2QLCV_1.jpg,637,424,handbag,231.2947,76.9136,615.4694,358.9584
EXPL14WUTLG_1.jpg,357,441,handbag,10.7814,229.8492,168.6825,434.6937
MXSLFSNH86J_1.jpg,637,637,handbag,57.8396,39.7488,567.4396,573.8733
hdf5_2353_X0GQBBEUW0A_1.jpg,227,227,handbag,0.0,0.0,227.0,227.0
2VFGXHTZ87L_1.jpg,980,712,handbag,459.62,253.2584,730.1,492.2056
A7C8UG4Y6PY_1.jpg,392,392,handbag,29.4,4.4688,376.32,384.7088
DRP7A0CXPPF_1.jpg,784,784,handbag,123.48,53.7824,701.68,736.8816
hdf5_467_N8ZLGI0K57Y_1.jpg,227,227,handbag,15.0047,65.5576,217.012,227.0
hdf5_5845_1A86PWYYZ8M_1.jpg,227,227,handbag,10.0107,6.5603,225.0024,221.552
CSICCOMY55H_1.jpg,588,588,handbag,0.0,0.0,588.0,588.0
1C3YAORNVNP_1.jpg,348,319,handbag,0.0,0.0,348.0,319.0
hdf5_5314_M81LAPU1V7M_1.jpg,227,227,handbag,14.0059,65.5576,219.0096,209.5664
hdf5_211_M012QPDHSPJ_1.jpg,227,227,handbag,7.9904,0.0,219.0096,225.5699
BTG53GHCJ2G_1.jpg,735,735,handbag,122.5245,12.348,588.0,702.219
hdf5_5754_47NQTG49SGP_1.jpg,227,227,handbag,6.9916,18.5686,226.0012,205.5712
hdf5_1914_FW80DH4SNRO_1.jpg,227,227,handbag,0.0,0.0,227.0,210.5652
AB2QWTGDVBN_1.jpg,515,493,handbag,0.0,0.0,515.0,493.0
hdf5_4186_2OG4ASL99JT_1.jpg,227,227,handbag,24.9927,26.559,195.9918,185.5725
ZUXK1IL2MFB_1.jpg,588,588,handbag,39.2196,80.9088,546.84,493.5084
8XSUQIS2XXH_1.jpg,784,784,handbag,14.7392,47.5888,758.52,677.6896
hdf5_5487_I89NVL5H3LI_1.jpg,227,227,handbag,0.0,0.0,227.0,227.0
DSAWR8OFNNW_1.jpg,441,370,handbag,26.46,24.124,400.8249,346.986
hdf5_2642_LVGUFWSD5PS_1.jpg,227,227,handbag,22.9951,45.5589,223.0048,186.5713
hdf5_1823_1XKYQQWVUXI_1.jpg,227,227,handbag,23.9939,38.5673,210.9965,189.5677
1JT2S8I4J8R_1.jpg,1176,1256,handbag,0.0,0.0,1176.0,1256.0
88NUAJ3OLOX_1.jpg,882,882,handbag,54.8604,234.0828,787.8906,791.7714
5LRIV81GT5V_1.jpg,980,980,handbag,41.16,37.828,931.98,923.748
6UFK8WB3OGS_1.jpg,588,588,handbag,0.0,0.0,588.0,588.0
N2TPTQXC7NK_1.jpg,388,388,handbag,32.398,101.7336,352.6532,281.494
Q4V7J0YX9LG_1.jpg,602,294,handbag,97.8852,124.5972,260.365,225.204
IM0EAEHRK7A_1.jpg,303,303,handbag,18.5739,16.1802,278.5782,288.8802
B2TPYBYZOME_1.jpg,980,615,handbag,13.72,363.8955,256.76,604.791
6FVZP947L4M_1.jpg,506,551,handbag,0.0,0.0,506.0,551.0
Z9O5NS80LMX_1.jpg,1470,1398,handbag,0.0,0.0,1470.0,1398.0
hdf5_4436_OLN75A93XPG_1.jpg,227,227,handbag,0.0,0.0,227.0,227.0
hdf5_2964_1G2ITXE7ORX_1.jpg,227,227,handbag,0.0,0.0,227.0,227.0
A2M5MXWKT5R_1.jpg,588,435,handbag,36.2796,2.523,566.4204,434.565
ZE2AFLLYH8N_1.jpg,632,592,handbag,0.0,0.0,632.0,592.0
4MIJ9LKND6P_1.jpg,784,784,handbag,77.4592,118.1488,714.3808,754.208
hdf5_4562_HY0EHO8QXII_1.jpg,227,227,handbag,0.0,0.0,227.0,227.0
1DZ2URP7QXX_1.jpg,250,363,handbag,0.0,83.2722,250.0,305.0289
ADQK0KPUOBK_1.jpg,309,309,handbag,37.1418,153.0786,275.7516,297.8142
YB4YHP06NTW_1.jpg,2352,2352,handbag,0.0,0.0,2352.0,2352.0
DWS0RFJIDWC_1.jpg,393,359,handbag,63.5481,61.3531,352.914,315.4174
hdf5_2197_Y0R2FAS5BIN_1.jpg,227,227,handbag,18.9999,8.5579,224.0036,218.5556
hdf5_6037_3IUL6XBCPLD_1.jpg,227,227,handbag,0.0,0.0,227.0,227.0
3IOKX7X0MQX_1.jpg,235,313,handbag,33.2995,88.892,141.987,198.442
HSU3W55XCQD_1.jpg,664,654,handbag,0.0,0.0,664.0,654.0
2BXAFM8Q72F_1.jpg,621,780,handbag,0.0,0.0,621.0,780.0
VXTZ1LLKGOC_1.jpg,490,490,handbag,13.72,166.159,483.14,440.559
U9I90YYGX3E_1.jpg,220,220,handbag,0.0,0.0,220.0,220.0
LVP9BFBCW0G_1.jpg,784,784,handbag,2.9792,450.3296,174.44,671.888
95AYKV5IOXE_1.jpg,392,781,handbag,23.52,5.467,366.52,563.7258
R34U27A6IYM_1.jpg,980,1222,handbag,83.398,4.5214,930.02,1214.668
OGDQW8OT6SR_1.jpg,569,569,handbag,63.7849,0.0,526.8371,545.4434
hdf5_3318_UL4KSPG1LKY_1.jpg,227,227,handbag,23.9939,76.5671,196.9906,227.0
BZG77JZVY9B_1.jpg,1078,1654,handbag,21.56,449.5572,1063.3392,1609.5074
UZ762GP5WCB_1.jpg,569,1705,handbag,3.9261,71.0985,569.0,568.9585
AMW7DWYNTUE_1.jpg,621,665,handbag,148.9158,196.707,277.2144,409.5735
R6TJD3VSWYC_1.jpg,784,784,handbag,16.6208,96.5888,769.2608,731.6288
ERSQQTGJI0B_1.jpg,537,735,handbag,0.0,0.0,537.0,735.0
K17GOHH5O5U_1.jpg,416,484,handbag,0.0,0.0,416.0,484.0
W4346UETYKH_1.jpg,823,923,handbag,0.0,0.0,823.0,923.0
1PJT4OL6N3J_1.jpg,721,901,handbag,58.7615,75.9543,676.9469,854.5084
hdf5_5667_9EHXPV8RGPN_1.jpg,227,227,handbag,26.9903,19.5674,209.9977,209.5664
QSUQQ4CSGTY_1.jpg,657,697,handbag,0.0,0.0,657.0,697.0
6F34LK1UPDZ_1.jpg,549,823,handbag,0.0,0.0,549.0,823.0
U3QXS08618S_1.jpg,471,353,handbag,25.5282,7.413,417.0234,353.0
hdf5_3607_5PG6JOSZKZG_1.jpg,227,227,handbag,0.0,71.5504,227.0,227.0
X0KJ0G9MM4W_1.jpg,416,416,handbag,48.9216,0.0,370.9888,408.72
YU9IBARLSXO_1.jpg,980,627,handbag,596.82,222.9612,808.5,428.6799
DGG04S6EZPH_1.jpg,728,582,handbag,40.1856,8.3808,624.1144,578.6244
BVWXLD7OLTH_1.jpg,1398,1470,handbag,0.0,0.0,1398.0,1470.0
hdf5_1680_J6QF7NSKM1I_1.jpg,227,227,handbag,0.0,0.0,227.0,227.0
VOMIWY9LNBI_1.jpg,588,588,handbag,0.0,0.0,588.0,588.0
hdf5_2874_42N52M4D37G_1.jpg,227,227,handbag,18.9999,33.5506,210.9965,192.5641
hdf5_3491_UHLB3YFGZPZ_1.jpg,227,227,handbag,0.0,34.5721,227.0,198.5569
hdf5_3346_37L4VMMZLTK_1.jpg,227,227,handbag,15.0047,89.5742,208.0001,222.5508
PWZLZZQHMSC_1.jpg,686,686,handbag,9.8098,13.3084,672.28,666.9292
USPET9ZJZAW_1.jpg,1059,1411,handbag,35.2647,556.0751,995.2482,1175.363
hdf5_285_EKKKGKWHB9F_1.jpg,227,227,handbag,0.0,0.0,227.0,227.0
99ZM435H39H_1.jpg,196,294,handbag,82.32,50.5386,166.6,132.8586
IR9THRG6EBQ_1.jpg,980,700,handbag,46.06,14.28,436.1,514.5
S4MJLQVELXD_1.jpg,417,409,handbag,26.4378,15.2148,387.6432,382.1696
WEMBHZU4PGA_1.jpg,721,617,handbag,0.0,0.0,721.0,617.0
hdf5_3080_62CSRHO1JBX_1.jpg,227,227,handbag,31.0082,70.5516,191.9966,210.5652
HBTCEZRPGSD_1.jpg,588,441,handbag,445.8804,282.7692,564.48,405.279
VU9QDQDHLRI_1.jpg,551,551,handbag,59.7835,8.3752,493.145,533.919
hdf5_4111_2D40MA01CAY_1.jpg,227,227,handbag,44.9914,55.5696,191.9966,176.5606
J39ZN83SQGM_1.jpg,721,762,handbag,0.0,0.0,721.0,762.0
9L5SMCNQP0H_1.jpg,392,588,handbag,18.62,123.0684,244.02,387.6684
FJRU9CCF97M_1.jpg,183,220,handbag,0.0,0.0,183.0,220.0
hdf5_3619_UEGOCPURL1J_1.jpg,227,227,handbag,14.0059,61.5624,203.0061,225.5699
OA8NEOGR1HF_1.jpg,250,405,handbag,0.0,0.0,250.0,405.0
31U5GDELJQJ_1.jpg,237,313,handbag,46.0254,0.0,233.0895,307.679
hdf5_1925_19XEVQKMBCI_1.jpg,227,227,handbag,31.0082,1.5663,208.0001,223.5723
hdf5_4215_C4VZLHNH3IQ_1.jpg,227,227,handbag,19.9987,54.5708,205.0037,188.5689
IDJJBV53DYG_1.jpg,1479,1233,handbag,0.0,0.0,1479.0,1233.0
3BH5O7KTNZI_1.jpg,479,479,handbag,226.7586,260.6718,477.0361,475.647
RWJ65BPFCOK_1.jpg,953,980,handbag,0.0,0.0,953.0,980.0
EQFH4KOMO5R_1.jpg,539,453,handbag,359.6747,15.2661,539.0,229.9881
hdf5_2060_V2KVCP3VRVK_1.jpg,227,227,handbag,11.0095,9.5567,208.9989,217.5568
hdf5_5039_LK0YWQPVCTO_1.jpg,227,227,handbag,0.0,0.0,227.0,227.0
4537G9BF45W_1.jpg,784,784,handbag,77.4592,14.2688,696.8192,690.4688
hdf5_185_LLYSJ5KKSAY_1.jpg,227,227,handbag,1.9976,10.5555,223.0048,215.5592
hdf5_5050_Q48VGNCNVGK_1.jpg,227,227,handbag,0.0,0.0,227.0,227.0
hdf5_1781_39IJKD3LYQO_1.jpg,227,227,handbag,15.0047,54.5708,219.0096,196.5593
1036RR16E1N_1.jpg,457,351,handbag,17.6402,17.2341,439.3598,330.9579
hdf5_6034_QX9BPREQ5WH_1.jpg,227,227,handbag,19.9987,0.5675,206.0025,217.5568
VS1213CRNMT_1.jpg,227,227,handbag,0.0,0.0,227.0,227.0
PBF232BNF5Z_1.jpg,2399,2399,handbag,0.0,0.0,2399.0,2399.0
NXP1WFZVJ0P_1.jpg,294,270,handbag,0.0,0.0,294.0,270.0
hdf5_3253_KK6QCLVFRJC_1.jpg,227,227,handbag,4.994,136.5632,222.006,227.0
6A9LV39H9JX_1.jpg,215,215,handbag,0.0,0.0,215.0,215.0
JOSNALELOMA_1.jpg,533,471,handbag,126.3743,8.3838,485.9894,406.8027
XVBGDRZ92IY_1.jpg,409,409,handbag,50.8796,4.4581,348.3453,398.775
TFSDWJ283ZD_1.jpg,2194,2194,handbag,245.9474,40.8084,1966.7016,2064.1152
UQPSF2FJFYS_1.jpg,980,980,handbag,136.22,124.068,804.58,928.648
SQSXA3Z444N_1.jpg,294,294,handbag,33.3102,0.0,258.72,294.0
0171EGSIIKI_1.jpg,621,711,handbag,0.0,0.0,621.0,711.0
XQ25OEC58IQ_1.jpg,309,309,handbag,43.0128,67.053,271.8582,295.8675
C3QW5VBOGLN_1.jpg,627,627,handbag,72.4812,5.4549,553.5156,621.6705
3I84B4HPY8E_1.jpg,588,735,handbag,26.46,192.6435,564.48,692.4435
hdf5_3950_IABIKS72XSG_1.jpg,227,227,handbag,11.0095,50.5529,212.9941,181.5546
4YXNW2BXMHA_1.jpg,294,461,handbag,37.2498,23.8798,263.3064,418.588
hdf5_1866_MOC5MJSIX9Y_1.jpg,227,227,handbag,2.9964,0.5675,227.0,215.5592
6AJFDDKJUBP_1.jpg,2940,1960,handbag,788.802,109.368,2091.222,1755.768
4RMAN9H1XCG_1.jpg,627,372,handbag,12.7281,13.3176,312.4968,353.9208
GFG3EWO39NK_1.jpg,231,227,handbag,0.0,0.0,231.0,227.0
KT1WA6YPRFT_1.jpg,686,411,handbag,4.8706,9.3708,365.5694,376.3116
DUX3O5YAWQJ_1.jpg,635,1003,handbag,59.7535,213.4384,280.289,527.8789
P0QKZAB400X_1.jpg,196,255,handbag,0.98,38.811,193.06,226.134
0GJQOKV6ICF_1.jpg,588,594,handbag,0.0,0.0,588.0,594.0
hdf5_3440_YDYFO8VUU9B_1.jpg,227,227,handbag,0.0,19.5674,223.0048,211.564
9J2AWZC0X4M_1.jpg,255,255,handbag,47.073,55.488,246.177,193.7745
hdf5_2507_1QEYH3PMTHY_1.jpg,227,227,handbag,1.9976,60.5636,198.9882,207.5688
TOWT4NGEM5L_1.jpg,299,375,handbag,3.9169,12.3375,299.0,354.9375
3AWG765LAKE_1.jpg,490,490,handbag,26.46,109.319,465.5,377.839
D31YEQH8EPN_1.jpg,246,255,handbag,0.0,0.0,246.0,255.0
V0TRTWVCQYC_1.jpg,187,343,handbag,0.0,0.0,187.0,343.0
O3IVXDJQ23H_1.jpg,784,784,handbag,19.6,195.5296,752.64,654.1696
hdf5_685_EGW12MFL0HV_1.jpg,227,227,handbag,3.9952,0.0,227.0,227.0
hdf5_4542_89FSG2GQRHW_1.jpg,227,227,handbag,0.0,0.0,227.0,227.0
hdf5_4739_MB111W7AT4A_1.jpg,227,227,handbag,8.9892,46.5577,221.0072,185.5725
C13QQ0SN6AO_1.jpg,735,992,handbag,126.42,550.8576,659.5155,908.3744
8CBKNOGUOFX_1.jpg,2940,1960,handbag,0.0,0.0,2940.0,1960.0
hdf5_5784_L2LGS4MH4JJ_1.jpg,227,227,handbag,25.9915,3.5639,211.9953,221.552
hdf5_5620_F49OQR4JGCG_1.jpg,227,227,handbag,5.9928,43.5613,227.0,187.5701
hdf5_5828_MZIYFGBRDIU_1.jpg,227,227,handbag,1.9976,19.5674,219.0096,166.5726
XENIOT9FJBB_1.jpg,784,784,handbag,51.9008,398.4288,184.24,577.808
M0TDK51KO9A_1.jpg,1255,705,handbag,282.375,345.2385,633.3985,705.0
JYR542KVP5I_1.jpg,553,414,handbag,37.2722,53.406,521.6449,377.361
71QNJE6CFEE_1.jpg,231,280,handbag,5.8674,26.096,231.0,262.864
X1SY84UYZZF_1.jpg,753,753,handbag,0.0,0.0,753.0,753.0
ITFW0OCRA3V_1.jpg,490,611,handbag,0.0,0.0,490.0,611.0
B1C2FCYCWOA_1.jpg,303,373,handbag,24.4218,5.7815,281.487,301.2348
M9H8Z9LYOPE_1.jpg,317,317,handbag,0.0,0.0,317.0,317.0
EQ5EP8FTDCJ_1.jpg,784,784,handbag,67.5808,113.6016,715.4,736.8816
hdf5_2788_FAXN8POBDPY_1.jpg,227,227,handbag,0.0,0.0,227.0,227.0
KRSQ4TMQDDY_1.jpg,980,826,handbag,137.2,59.3068,863.38,805.0196
HRS35K1I9VA_1.jpg,588,388,handbag,0.0,19.206,585.06,359.094
CU04XV3LFJX_1.jpg,784,392,handbag,405.72,52.4888,731.08,347.4688
MRBWYY63YVF_1.jpg,392,637,handbag,0.0,0.0,392.0,637.0
IB0XBB7U4RJ_1.jpg,1064,1274,handbag,72.5648,403.3484,882.588,1202.019
O6PF59H6BGI_1.jpg,341,295,handbag,38.2261,55.2535,308.6732,262.3435
hdf5_1887_8U7GEBN02FJ_1.jpg,227,227,handbag,47.9878,6.5603,186.0038,224.5711
hdf5_5635_WPG7AYAZ2HD_1.jpg,227,227,handbag,11.0095,3.5639,215.9905,227.0
BWKR049SLDR_1.jpg,215,215,handbag,0.0,0.0,215.0,215.0
RBHZZR1N0WG_1.jpg,1255,705,handbag,124.496,98.4885,1169.66,619.413
hdf5_5123_Y6PB7LWNRHY_1.jpg,227,227,handbag,0.0,0.0,227.0,227.0
BAWZZFACRNT_1.jpg,1176,1176,handbag,226.38,368.088,791.8008,1065.8088
Z3MJ66TJRXA_1.jpg,784,784,handbag,89.2192,32.928,691.88,731.6288
WD1G50O7KEP_1.jpg,686,411,handbag,10.7702,35.7981,247.9204,331.3071
IHNFOBRH1ZZ_1.jpg,411,617,handbag,0.0,0.0,376.7637,550.981
hdf5_4092_Z0VSHQA17RW_1.jpg,227,227,handbag,8.9892,74.5695,212.9941,214.5604
FWG373Q4UPN_1.jpg,588,588,handbag,0.0,0.0,588.0,588.0
hdf5_4222_W8JUTNEZOPF_1.jpg,227,227,handbag,8.9892,83.5587,212.9941,198.5569
hdf5_4564_5E03VM75WZF_1.jpg,227,227,handbag,0.0,0.0,227.0,227.0
VC5ZFUD7WEA_1.jpg,784,784,handbag,59.7408,32.928,730.0608,771.7696
RTRPVOTLJ7X_1.jpg,447,559,handbag,42.1521,132.9302,404.8479,512.4912
FGMSY5KDP8K_1.jpg,400,400,handbag,207.32,228.44,384.36,383.92
hdf5_5532_K5TM668V0MS_1.jpg,227,227,handbag,0.0,0.0,227.0,227.0
EA3ZFAKTA5N_1.jpg,627,627,handbag,144.9624,15.5496,483.9813,611.1996
hdf5_1528_OT6VVD0DQFI_1.jpg,227,227,handbag,0.0,0.0,227.0,227.0
EUT6X4Q6OZF_1.jpg,690,980,handbag,35.259,238.728,599.955,713.048
CEQYYM79OJW_1.jpg,231,290,handbag,2.9337,46.748,231.0,273.847
5AUAATHGEVN_1.jpg,588,588,handbag,0.0,0.0,588.0,588.0
hdf5_2404_P7DL5XXJV8H_1.jpg,227,227,handbag,0.0,0.0,227.0,227.0
HWD1XXW2EOB_1.jpg,541,541,handbag,0.0,0.0,541.0,541.0
029TL99HBRC_1.jpg,784,784,handbag,49.0,81.8496,768.32,694.3888
hdf5_5646_VY1CT0YH7EC_1.jpg,227,227,handbag,8.9892,17.5698,220.0084,210.5652
2010HEU7JXP_1.jpg,588,588,handbag,208.74,176.9292,543.9,587.5884
0CR86BM1BOE_1.jpg,784,767,handbag,385.1008,2.8379,757.5008,370.6144
hdf5_4644_ZP7BD8FCFAF_1.jpg,227,227,handbag,16.0035,2.5651,219.0096,225.5699
USIG1IG4X7D_1.jpg,242,322,handbag,13.7214,112.1204,231.231,308.8624
89PPB78P14D_1.jpg,490,448,handbag,6.86,23.1168,441.98,429.9456
hdf5_4492_AWQ2Q6HQZXI_1.jpg,227,227,handbag,13.0071,4.5627,205.0037,223.5723
hdf5_5935_G5N8K672K8V_1.jpg,227,227,handbag,8.9892,11.5543,206.0025,185.5725
7K4Q6USR9HH_1.jpg,721,882,handbag,0.0,0.0,721.0,882.0
QX6MMNEPJZV_1.jpg,333,265,handbag,28.4049,4.4785,325.1745,265.0
43K6A7LO1OO_1.jpg,1176,882,handbag,47.9808,39.7782,1144.6008,742.3794
ZY8N860WO0Y_1.jpg,784,784,handbag,58.8,7.448,736.96,784.0
IPUTYUD76BU_1.jpg,490,490,handbag,20.58,104.419,374.36,478.779
ZOYRXQ8UFDP_1.jpg,245,245,handbag,0.0,105.399,147.98,223.979
hdf5_4994_ABFNT0UD5BZ_1.jpg,227,227,handbag,0.0,0.0,227.0,227.0
OLIKI3JRZDF_1.jpg,388,388,handbag,0.0,0.0,388.0,388.0
hdf5_4817_44SMMGLT5LK_1.jpg,227,227,handbag,14.0059,3.5639,206.0025,220.5532
hdf5_5472_F9RQPCCH15K_1.jpg,227,227,handbag,39.9974,18.5686,193.9942,201.5533
JSHQ9M9A68E_1.jpg,294,294,handbag,31.3698,6.4386,268.5102,282.7986
LJWZMRMJ0CV_1.jpg,383,388,handbag,0.0,0.0,383.0,388.0
5Q58CZ7JHIU_1.jpg,721,1081,handbag,0.0,0.0,721.0,1081.0
5CULKYSXOGF_1.jpg,833,976,handbag,6.8306,230.0432,824.1702,939.3024
VX1IF42RY4E_1.jpg,721,650,handbag,0.0,0.0,721.0,650.0
G3ZHFIM066R_1.jpg,721,605,handbag,23.5046,36.784,675.9375,581.1025
8W1KSBPXN4C_1.jpg,784,784,handbag,83.2608,15.288,690.8608,761.0288
P3OOWJXW5LI_1.jpg,529,529,handbag,11.7438,5.4487,505.5124,493.2925
01GCH72UJ8C_1.jpg,588,588,handbag,0.0,0.0,588.0,588.0
hdf5_5427_RAH532M6VKL_1.jpg,227,227,handbag,0.0,0.0,227.0,227.0
hdf5_42_EQ5LRL3J2FM_1.jpg,227,227,handbag,0.0,0.0,227.0,227.0
0KRO3QVZJTJ_1.jpg,559,457,handbag,0.0,0.0,559.0,457.0
510BLSRY9XL_1.jpg,784,784,handbag,0.9408,14.5824,761.4208,770.2016
363W7BNW95I_1.jpg,294,294,handbag,154.8498,150.822,292.0302,292.9122
hdf5_3028_822NONB1Z7I_1.jpg,227,227,handbag,0.0,63.56,227.0,219.5544
hdf5_5815_HD095UXR5LN_1.jpg,227,227,handbag,40.9962,3.5639,186.0038,227.0
G5MK9A1RB7B_1.jpg,3065,2299,handbag,348.797,412.2107,2811.218,2295.5515
hdf5_4448_ZRORIU4ZMCD_1.jpg,227,227,handbag,0.0,0.0,227.0,227.0
hdf5_5909_U807LYSP8SU_1.jpg,227,227,handbag,2.9964,20.5662,220.0084,225.5699
0DQYJN47DDA_1.jpg,570,588,handbag,0.0,0.0,570.0,588.0
41ZRUYKIW0Q_1.jpg,569,569,handbag,0.0,0.0,569.0,569.0
SOVYHI2KOAK_1.jpg,231,317,handbag,0.0,0.0,231.0,317.0
hdf5_4856_TQDWATJZ0AN_1.jpg,227,227,handbag,0.0,0.0,227.0,227.0
1I32F37UG9M_1.jpg,333,265,handbag,11.7549,132.076,324.1755,262.615
4E2E1IX8HEV_1.jpg,588,588,handbag,35.28,6.4092,558.6,570.8892
IBKV414NPXU_1.jpg,707,429,handbag,12.726,9.3522,677.5888,414.843
KNQKU9I7UHX_1.jpg,348,286,handbag,0.0,0.0,348.0,286.0
RRSYMYHXE6L_1.jpg,447,559,handbag,13.7229,238.8607,423.4878,532.1121
hdf5_5500_OWYXMAS1FEY_1.jpg,227,227,handbag,26.9903,4.5627,194.993,223.5723
hdf5_1524_JSME8LCKN2X_1.jpg,227,227,handbag,22.9951,29.5554,206.0025,223.5723
18TUKWWBV7D_1.jpg,215,267,handbag,56.674,141.9105,117.261,252.8223
hdf5_4890_GFWIDPZYHRR_1.jpg,227,227,handbag,20.9975,3.5639,204.0049,216.558
hdf5_3802_MFLE2DYV6OO_1.jpg,227,227,handbag,0.0,10.5555,227.0,212.5628
hdf5_5180_N06YXBWUZ1I_1.jpg,227,227,handbag,0.0,0.0,227.0,227.0
T75G2FYTIZI_1.jpg,486,549,handbag,4.9086,176.9976,481.0914,545.6511
PCZLAPR5TDA_1.jpg,1470,1470,handbag,0.0,0.0,1470.0,1470.0
BH5NID7NNDF_1.jpg,784,479,handbag,565.4208,0.0,769.2608,237.4403
hdf5_1433_9VK698QI6ZT_1.jpg,227,227,handbag,4.994,22.5638,227.0,191.5653
SLM6BY1BLII_1.jpg,833,833,handbag,35.3192,33.2367,241.0702,310.5424
0EQWGIRE1AN_1.jpg,784,784,handbag,56.84,10.3488,735.0,778.6688
9S7GES3UZWF_1.jpg,539,686,handbag,37.2449,58.3786,494.9098,623.8484
DFV7YLNAU2V_1.jpg,231,347,handbag,9.7944,93.69,227.073,326.9781
05Z7GAJ8FWK_1.jpg,294,461,handbag,2.94,60.391,291.06,410.5666
RUMRMSK8S1I_1.jpg,539,539,handbag,0.0,0.0,539.0,539.0
TCDFDA37D1K_1.jpg,588,714,handbag,26.46,0.0,542.9004,714.0
hdf5_4142_75ZELM8MGVT_1.jpg,227,227,handbag,0.0,0.0,227.0,227.0
J22DMJAY5DA_1.jpg,621,590,handbag,0.0,0.0,621.0,590.0
hdf5_1893_OBIEN93VYVG_1.jpg,227,227,handbag,11.0095,3.5639,215.9905,221.552
NP3TZ7LIETU_1.jpg,471,353,handbag,8.8548,12.3197,453.3375,344.7398
hdf5_4416_90OK39F88WG_1.jpg,227,227,handbag,0.0,0.0,227.0,227.0
hdf5_5584_DBX8CEQBGXT_1.jpg,227,227,handbag,0.0,0.0,227.0,227.0
hdf5_4374_OMVCB7HJMNJ_1.jpg,227,227,handbag,0.0,0.0,227.0,227.0
0ATCFXZOX9H_1.jpg,627,496,handbag,88.1562,3.472,518.2782,463.264
2SABJU0ZVSD_1.jpg,980,616,handbag,667.38,297.2816,860.44,517.6248
EOIPDK1C7EP_1.jpg,1105,1960,handbag,80.3335,402.584,1017.8155,1526.84
UUPGEUBZ6XX_1.jpg,333,265,handbag,70.5294,31.959,279.1206,244.9395
hdf5_4056_L8WYLJK4STD_1.jpg,227,227,handbag,0.0,49.5541,227.0,222.5508
JTAQTTOV2XB_1.jpg,784,392,handbag,44.0608,41.0424,364.56,342.8824
X3MWWX6A88B_1.jpg,980,980,handbag,0.0,0.0,980.0,980.0
hdf5_4139_42QJPD5R7SQ_1.jpg,227,227,handbag,0.0,68.554,227.0,227.0
hdf5_2678_C0DWGG169EW_1.jpg,227,227,handbag,8.9892,0.0,220.0084,227.0
6105L435LFC_1.jpg,980,980,handbag,111.72,215.208,872.2,906.108
L3FIIDVNMBV_1.jpg,904,1232,handbag,56.7712,209.3168,899.1184,1010.1168
hdf5_3911_FWP0CYVD1GH_1.jpg,227,227,handbag,0.0,88.5527,226.0012,227.0
ZLRADAUFEBZ_1.jpg,519,517,handbag,83.2476,0.0,465.1278,514.6218
3M6850V5RGX_1.jpg,1003,993,handbag,7.8234,278.6358,1000.0913,799.6629
9QLSLO1UHRH_1.jpg,980,644,handbag,28.42,9.4024,949.62,601.4316
hdf5_5407_S7G49YMHUYT_1.jpg,227,227,handbag,0.0,0.0,227.0,227.0
7C47IY66M3R_1.jpg,607,456,handbag,63.6136,29.9592,292.7561,336.8928
E583H1HSMOH_1.jpg,392,490,handbag,49.0,241.619,358.68,471.919
hdf5_6089_SFV1FTC8G0D_1.jpg,227,227,handbag,0.0,0.0,227.0,227.0
Z9Q52NN22MN_1.jpg,553,404,handbag,229.4397,48.48,448.0959,335.0776
hdf5_3165_AL4DWB5YQMF_1.jpg,227,227,handbag,42.9938,107.5526,175.9931,197.5581
IAN5VO848DN_1.jpg,1003,753,handbag,237.0089,61.3695,721.8591,712.338
TEFI7S8Y7PT_1.jpg,250,333,handbag,0.0,62.271,250.0,277.722
hdf5_2655_DI3BG0FWEDI_1.jpg,227,227,handbag,0.0,0.0,227.0,227.0
874OQ7Q33RT_1.jpg,490,490,handbag,0.0,0.0,490.0,490.0
KQ8RME686KP_1.jpg,343,343,handbag,0.0,48.9118,308.7,267.4371
hdf5_3999_LUTUU3R8MBC_1.jpg,227,227,handbag,0.0,0.0,227.0,227.0
hdf5_4153_HEA0QSSG15O_1.jpg,227,227,handbag,0.0,0.0,227.0,227.0
hdf5_1022_GU3YURQI9RT_1.jpg,227,227,handbag,3.9952,46.5577,221.0072,227.0
hdf5_6024_CTVW7YAVGZP_1.jpg,227,227,handbag,5.9928,49.5541,227.0,219.5544
UKWP1PHO0RB_1.jpg,576,567,handbag,0.0,0.0,576.0,567.0
hdf5_1905_NUY7GBC2J5L_1.jpg,227,227,handbag,0.0,0.0,211.9953,199.5557
MSXENZBZRSG_1.jpg,579,686,handbag,284.5785,0.0,571.1256,380.7986
7CF6DE3E1SF_1.jpg,735,735,handbag,12.7155,47.628,694.7955,720.888
YEDZV3UW61F_1.jpg,220,220,handbag,0.0,0.0,220.0,220.0
hdf5_1995_4Q5KYTSBJVI_1.jpg,227,227,handbag,0.0,0.0,227.0,227.0
M9KU3BI8Z3J_1.jpg,494,627,handbag,0.0,0.0,494.0,627.0
hdf5_3622_2GNZYC2C5YK_1.jpg,227,227,handbag,12.0083,73.5707,212.9941,222.5508
7JPA3KDYAMY_1.jpg,980,760,handbag,0.0,0.0,532.14,410.476
hdf5_4700_AXLK659WX4E_1.jpg,227,227,handbag,1.9976,43.5613,227.0,186.5713
YUBQKOCT27W_1.jpg,1441,1441,handbag,0.0,0.0,1441.0,1441.0
NUJU5DMPT0D_1.jpg,441,441,handbag,23.5053,17.199,424.3302,413.1288
hdf5_2215_7T9OMNU8RIQ_1.jpg,227,227,handbag,0.0,3.5639,227.0,227.0
V30EWGM2KHT_1.jpg,1176,1176,handbag,145.0008,60.3288,994.6608,1076.628
hdf5_3865_IMU0LU9SPZA_1.jpg,227,227,handbag,18.9999,11.5543,213.9929,224.5711
hdf5_64_C1K63PHH81F_1.jpg,227,227,handbag,22.9951,7.5591,205.0037,218.5556
4KDBJVT9XAT_1.jpg,863,647,handbag,140.2375,0.0,722.7625,636.7774
G76WITEE43O_1.jpg,766,784,handbag,437.4626,46.648,735.5898,471.968
PNGN6MT3O4H_1.jpg,231,188,handbag,52.8528,3.5156,181.0809,188.0
XIO2IFKIJ4K_1.jpg,784,767,handbag,262.64,399.7604,774.2,739.0812
hdf5_2713_R8D87USWG4H_1.jpg,227,227,handbag,0.0,0.0,227.0,227.0
262U9TJA87B_1.jpg,784,784,handbag,100.9792,13.328,679.1008,769.888
6UI6GDN0CDC_1.jpg,539,686,handbag,34.2804,63.2492,495.88,614.0386
CBNKULQH3SV_1.jpg,392,534,handbag,192.08,376.7904,360.64,506.1252
T5GNMWNB0AY_1.jpg,392,392,handbag,46.06,0.0,342.02,273.9688
5OHCFEHKTAE_1.jpg,559,838,handbag,41.1983,220.0588,532.5034,755.2056
hdf5_3586_AN6LBFB17RE_1.jpg,227,227,handbag,37.9998,88.5527,189.0002,227.0
KVLSJ2BKEBY_1.jpg,447,559,handbag,81.354,164.346,367.6128,512.4912
QDHFBFGGSRP_1.jpg,744,980,handbag,34.2984,11.368,731.2776,957.068
KXGLW6BTBCC_1.jpg,637,869,handbag,0.0,0.0,637.0,869.0
52LZZAS496S_1.jpg,333,265,handbag,47.9853,5.459,288.9108,264.576
P9ZTBLQV1IM_1.jpg,588,882,handbag,42.1596,276.948,548.7804,773.7786
7ZFG2QOIJAF_1.jpg,784,874,handbag,0.0,0.0,784.0,874.0
hdf5_4662_FCXP5T64BKN_1.jpg,227,227,handbag,0.0,0.0,227.0,227.0
HWYNIA1H0HD_1.jpg,627,353,handbag,181.2657,62.6575,440.8437,325.4307
D9ECWQ07J3L_1.jpg,627,627,handbag,85.2093,56.3673,524.1093,545.2392
UY13USP2NEM_1.jpg,251,255,handbag,35.2906,0.0,239.2281,180.03
hdf5_3020_D102IIZXPZC_1.jpg,227,227,handbag,28.0118,82.5599,196.9906,227.0
hdf5_5737_64LZ6T9LELT_1.jpg,227,227,handbag,0.0,0.0,227.0,227.0
hdf5_287_33A6JQ8HW1K_1.jpg,227,227,handbag,4.994,0.0,222.006,221.552
hdf5_1430_XQXHUPZX79E_1.jpg,227,227,handbag,0.0,1.5663,227.0,224.5711
NWE2JLUF6LE_1.jpg,231,307,handbag,18.5955,5.4339,214.368,257.6958
hdf5_4665_ODPM6LWT9KH_1.jpg,227,227,handbag,0.0,0.0,227.0,227.0
NGUOOYNHIBR_1.jpg,784,784,handbag,83.2608,74.088,686.0,770.8288
IWD36ODZB1K_1.jpg,392,588,handbag,0.0,0.0,392.0,588.0
CZ7J3UI4JSI_1.jpg,466,466,handbag,32.387,41.7536,431.6558,436.1294
LG6MKBTCN0S_1.jpg,533,533,handbag,55.8584,47.5969,460.512,490.4666
MWNYUYGQ7OH_1.jpg,980,980,handbag,67.62,388.668,914.34,952.168
XF0J4ILI0QD_1.jpg,1715,2450,handbag,11.8335,175.91,1688.589,2144.73
hdf5_5044_T9SNRT26JSH_1.jpg,227,227,handbag,0.0,0.0,227.0,227.0
IZ7ZNJXCRCS_1.jpg,231,357,handbag,0.0,0.0,231.0,357.0
61B6RY1DCXM_1.jpg,980,980,handbag,207.76,220.108,788.9,813.988
ARORWUG9UFK_1.jpg,333,265,handbag,0.0,0.0,333.0,265.0
X9XE8ZPMB4F_1.jpg,627,627,handbag,14.6718,74.0487,604.4907,575.6487
hdf5_5216_RPV6ONHYILQ_1.jpg,227,227,handbag,3.9952,19.5674,227.0,207.5688
S9DEYQVUL6X_1.jpg,313,313,handbag,0.0,0.0,313.0,313.0
SH6T1ORX46X_1.jpg,579,588,handbag,0.0,0.0,579.0,588.0
8YAJZBRQ8PO_1.jpg,784,784,handbag,127.4,16.2288,616.3808,442.4896
U8CAK8HYJJW_1.jpg,441,441,handbag,24.5196,6.4386,421.4196,429.7986
hdf5_5330_I30PV7VF8GS_1.jpg,227,227,handbag,45.9902,7.5591,188.0014,220.5532
XEV1DYV1R0W_1.jpg,1107,588,handbag,3.8745,100.6656,1094.2695,588.0
LE26S2AQZGQ_1.jpg,313,313,handbag,2.9422,0.0,313.0,292.029
HIE69DG53KN_1.jpg,784,784,handbag,0.0,0.0,784.0,784.0
TMXYV5KVK7O_1.jpg,507,406,handbag,33.2592,19.1226,486.4665,396.7838
H8XEQVPJ84J_1.jpg,1176,1176,handbag,157.8192,63.2688,1002.54,1084.3896
VFB6GJSZI8M_1.jpg,721,962,handbag,44.0531,22.126,679.8309,937.0842
KWYBXGQYIGB_1.jpg,441,426,handbag,68.6196,4.8138,427.2849,374.9652
BCIHOBQWFVD_1.jpg,512,395,handbag,55.808,11.297,496.3328,395.0
PDNCQMNA0EU_1.jpg,569,1705,handbag,89.2761,123.101,514.0346,437.503
hdf5_3368_8L484XQGEKT_1.jpg,227,227,handbag,0.0,54.5708,227.0,227.0
hdf5_5208_0GDAN1IRWBM_1.jpg,227,227,handbag,1.9976,41.5637,227.0,183.5522
U342FXLJTWT_1.jpg,588,294,handbag,288.12,174.9888,430.2396,294.0
A030D37GWCV_1.jpg,313,313,handbag,212.2453,182.792,278.7578,283.5467
O8058ZWQL0R_1.jpg,392,490,handbag,14.7,59.339,384.16,448.399
E631EGJ0N0V_1.jpg,382,388,handbag,38.3146,52.6128,347.62,350.2476
hdf5_5606_9XP05OEAHED_1.jpg,227,227,handbag,41.995,20.5662,189.0002,192.5641
KQZ7U3RZWMA_1.jpg,291,439,handbag,0.0,0.0,291.0,439.0
3W9117ZIU7P_1.jpg,784,503,handbag,255.7408,82.7435,553.6608,478.1015
IG7RGOKU09Y_1.jpg,743,1114,handbag,12.7796,689.3432,421.5039,1076.3468
TO1O74S7W6M_1.jpg,294,294,handbag,0.0,0.0,294.0,294.0
RWERI2E00SM_1.jpg,627,980,handbag,0.0,0.0,627.0,980.0
7IQUM1Q3KFW_1.jpg,333,265,handbag,0.0,0.0,333.0,265.0
hdf5_4558_YIEDD7D2O0R_1.jpg,227,227,handbag,0.0,0.0,227.0,227.0
hdf5_5076_1GPPHVY5NLS_1.jpg,227,227,handbag,0.0,0.0,227.0,227.0
L9ZMENFJLKW_1.jpg,317,317,handbag,74.3682,7.3861,243.6145,312.6571
Q9OSW73VGEG_1.jpg,490,490,handbag,24.5,1.862,440.02,352.702
LSQLKTXRSYF_1.jpg,726,554,handbag,0.9438,66.2584,438.9396,519.2642
hdf5_2239_GUFDGOO65RF_1.jpg,227,227,handbag,0.0,0.0,227.0,224.5711
hdf5_4682_RO9HE2FSR6I_1.jpg,227,227,handbag,5.9928,12.5531,227.0,222.5508
QLS6NYNCVSR_1.jpg,691,980,handbag,399.3289,250.488,653.8242,843.388
hdf5_5663_4XYR5NCESDP_1.jpg,227,227,handbag,24.9927,6.5603,209.9977,218.5556
2GQWEDVXS3A_1.jpg,421,421,handbag,43.0683,23.0708,376.9634,417.632
9YSR634BJBS_1.jpg,784,784,handbag,123.48,96.5888,691.88,726.768
hdf5_5611_3YN3AS4OHNK_1.jpg,227,227,handbag,4.994,36.5697,227.0,224.5711
hdf5_24_ODV4YCCKDTZ_1.jpg,227,227,handbag,0.0,0.0,227.0,227.0
XFUD1VF2QHD_1.jpg,833,833,handbag,13.7445,150.5231,663.4845,643.4092
hdf5_2698_0N41W0FKUMH_1.jpg,227,227,handbag,29.0106,3.5639,207.0013,224.5711
O6INAGOYDAF_1.jpg,721,608,handbag,14.7084,29.9136,702.3982,602.6496
5IK8CNFCZGS_1.jpg,1176,1176,handbag,147.0,189.6888,1028.0592,730.6488
hdf5_265_YEZHDE2KPJA_1.jpg,227,227,handbag,16.0035,54.5708,212.9941,193.5629
Z7B7KPRTMFL_1.jpg,447,559,handbag,33.3462,64.285,409.7649,515.398
hdf5_5595_IUPX191X50K_1.jpg,227,227,handbag,10.0107,3.5639,218.0108,223.5723
I28K6M3W08B_1.jpg,784,784,handbag,138.1408,47.5888,620.3008,713.9888
hdf5_4797_F4TORPD5KFB_1.jpg,227,227,handbag,19.9987,9.5567,209.9977,219.5544
2M5LZT4IGDC_1.jpg,617,491,handbag,92.0564,80.0821,532.7795,383.3237
F9DQ9UBDU4U_1.jpg,784,784,handbag,228.3008,573.888,596.7808,739.4688
hdf5_6119_IWIVKBRVS8X_1.jpg,227,227,handbag,18.0011,11.5543,218.0108,222.5508
GFC57JO8IQE_1.jpg,333,265,handbag,0.0,0.0,333.0,265.0
hdf5_4457_4PQF8FUSA1K_1.jpg,227,227,handbag,36.0022,4.5627,194.993,225.5699
G62U9QNH0YY_1.jpg,333,265,handbag,55.8108,86.2575,229.1706,260.972
hdf5_4528_GVR291R1M2M_1.jpg,227,227,handbag,0.0,0.0,227.0,227.0
DIWNXQ8ELTW_1.jpg,209,220,handbag,125.9852,94.424,201.1834,219.582
00RM996TWRX_1.jpg,309,309,handbag,50.8614,60.1932,283.5693,301.7385
842CO57DO4T_1.jpg,490,418,handbag,63.7,25.0382,443.94,395.0518
K9STYFEMOVE_1.jpg,784,784,handbag,173.4208,34.1824,651.6608,758.4416
hdf5_5618_KLTCJNB9MAV_1.jpg,227,227,handbag,0.0,0.0,227.0,227.0
8B6ZSPXEK8A_1.jpg,588,588,handbag,4.8804,114.2484,581.1204,485.6292
MRNOJ7UZOWY_1.jpg,753,753,handbag,140.2086,3.4638,620.6226,744.717
OULVR7GMLTX_1.jpg,343,343,handbag,0.0,0.0,343.0,343.0
CM3YSAS11NS_1.jpg,627,627,handbag,193.9938,57.684,616.2156,324.159
hdf5_302_ZYRS9T3QQAQ_1.jpg,227,227,handbag,0.0,0.0,227.0,227.0
C52RYPISO2T_1.jpg,333,265,handbag,0.0,0.0,333.0,265.0
QC586WFQIZG_1.jpg,588,588,handbag,61.74,68.1492,531.1404,532.6692
H1H2AFTJ0YX_1.jpg,784,784,handbag,71.5008,10.3488,704.6592,757.1088
hdf5_1088_B94LELZHYMX_1.jpg,227,227,handbag,0.0,0.0,227.0,227.0
hdf5_5238_UBFNYV6NFTG_1.jpg,227,227,handbag,1.9976,34.5721,227.0,226.5687
hdf5_112_FHCT440LT6Q_1.jpg,227,227,handbag,26.9903,5.5615,195.9918,224.5711
hdf5_3620_0KVXHJQ7I7R_1.jpg,227,227,handbag,0.0,58.566,226.0012,227.0
hdf5_2265_PY7GSSBGIVT_1.jpg,227,227,handbag,18.9999,8.5579,214.9917,208.5676
hdf5_4691_NM7165KEXFC_1.jpg,227,227,handbag,0.0,0.0,227.0,227.0
hdf5_4424_NRUQUT8P03N_1.jpg,227,227,handbag,0.0,0.0,227.0,227.0
6VZFUN6IECL_1.jpg,980,980,handbag,0.0,0.0,980.0,980.0
6U0XWC6G27I_1.jpg,196,255,handbag,0.0,0.0,196.0,255.0
GUNVTF6QITN_1.jpg,784,784,handbag,27.44,31.9088,763.4592,762.048
hdf5_559_CQ8DRPGSSHK_1.jpg,227,227,handbag,8.9892,0.0,214.9917,211.564
hdf5_5221_978YOE4PFMJ_1.jpg,227,227,handbag,30.0094,56.5684,198.9882,202.5748
hdf5_3034_2X01670Z14H_1.jpg,227,227,handbag,26.9903,82.5599,207.0013,227.0
D2G1H9Z03FC_1.jpg,333,265,handbag,0.0,0.0,333.0,265.0
UF6AT7ELPWQ_1.jpg,721,1084,handbag,61.7176,316.8532,683.7964,900.4788
9R6U62O58SQ_1.jpg,392,392,handbag,4.9,2.5088,387.1,321.9888
L17AQ9VDBUG_1.jpg,559,470,handbag,0.0,0.0,559.0,470.0
IKFZEUEZMFH_1.jpg,627,627,handbag,95.0532,70.0986,521.1624,574.6455
3XE0B1K4MWZ_1.jpg,721,915,handbag,48.0186,20.13,688.6992,906.765
DXSB1KBGSSO_1.jpg,231,279,handbag,15.6618,27.0909,217.3017,255.006
hdf5_4776_ZO7OT2VFMRE_1.jpg,227,227,handbag,0.0,0.0,227.0,227.0
B68G7WOGTOG_1.jpg,859,635,handbag,19.5852,47.5615,836.4083,585.597
hdf5_4910_NDPGC10BQIC_1.jpg,227,227,handbag,22.9951,7.5591,226.0012,222.5508
FHZQTQ6N0WQ_1.jpg,1105,1960,handbag,43.095,458.248,1050.192,1494.108
hdf5_2028_035AFQ2HS3T_1.jpg,227,227,handbag,0.0,0.0,227.0,227.0
hdf5_5320_J8157XFTQ0C_1.jpg,227,227,handbag,0.0,0.0,227.0,227.0
hdf5_2118_BVBR1F8M7DC_1.jpg,227,227,handbag,30.0094,2.5651,212.9941,222.5508
J7WFYE44YAU_1.jpg,2940,1962,handbag,366.618,865.4382,1383.858,1679.472
IP9F4KXATTJ_1.jpg,333,265,handbag,33.3,50.615,301.6647,233.1735
VI7QQMWIR3N_1.jpg,735,552,handbag,69.6045,2.5392,643.86,543.72
DENMVF3D6ZA_1.jpg,1470,1286,handbag,0.0,0.0,1470.0,1286.0
19V7M62S3NC_1.jpg,569,569,handbag,6.8849,0.0,551.361,569.0
hdf5_4082_3B2D235G8ER_1.jpg,227,227,handbag,26.9903,47.5565,201.0085,227.0
447XKY4XQOB_1.jpg,299,338,handbag,0.0,0.0,299.0,338.0
YH7TNKLH1IB_1.jpg,784,784,handbag,54.88,100.8224,762.44,754.5216
hdf5_3168_YBVPERINZNW_1.jpg,227,227,handbag,0.0,0.0,227.0,224.5711
UT9SV07J7SO_1.jpg,784,784,handbag,59.7408,48.608,707.56,689.4496
hdf5_3740_81H55Z4MVZR_1.jpg,227,227,handbag,16.0035,32.5518,196.9906,175.5618
GTO41YI6QKN_1.jpg,569,1705,handbag,13.7129,607.1505,508.1739,1111.66
hdf5_4075_ZNJOZJC3FRM_1.jpg,227,227,handbag,0.0,0.0,227.0,227.0
1WXB47GL8ZW_1.jpg,1274,956,handbag,287.1596,23.1352,620.3106,363.3756
HUYONEADYVS_1.jpg,615,307,handbag,74.415,0.0,475.9485,307.0
09WFV1QYJ9R_1.jpg,294,282,handbag,0.0,0.0,294.0,282.0
UWIMOYYM8UG_1.jpg,553,414,handbag,0.0,0.0,553.0,414.0
hdf5_270_8SENEG7RU2F_1.jpg,227,227,handbag,3.9952,3.5639,227.0,227.0
XYUYCWBZJPN_1.jpg,211,313,handbag,0.0,0.0,211.0,313.0
hdf5_4041_G8ZGMD3LMNE_1.jpg,227,227,handbag,0.0,70.5516,227.0,225.5699
6J0MBT7ETQI_1.jpg,193,479,handbag,79.7669,129.1384,193.0,310.7273
E9JFOHGBU3F_1.jpg,980,980,handbag,392.98,484.708,902.58,980.0
XMHI3LUU6VW_1.jpg,705,638,handbag,0.0,0.0,705.0,638.0
hdf5_3759_MYUOB43M0HR_1.jpg,227,227,handbag,36.0022,62.5612,184.0062,224.5711
hdf5_5832_S8KK8Y0D3CX_1.jpg,227,227,handbag,4.994,37.5685,214.9917,198.5569
NVOG44YB35O_1.jpg,607,380,handbag,413.1242,247.988,562.9318,330.486
9B72H9ZNQVO_1.jpg,539,539,handbag,23.5004,14.6069,526.2796,493.8318
LEDHUCJJ76O_1.jpg,980,1274,handbag,539.98,162.3076,957.46,563.108
6VW5NM9C0UP_1.jpg,313,313,handbag,37.1844,3.4743,268.9922,307.679
RFLR6LQJWXH_1.jpg,899,796,handbag,74.4372,80.8736,777.5451,706.45
AEGFE9VL55L_1.jpg,341,295,handbag,33.3157,37.6715,341.0,283.8195
JWOJFMVNSRQ_1.jpg,579,579,handbag,30.3975,27.0393,544.6653,554.0451
hdf5_1260_3DPWIKB452X_1.jpg,227,227,handbag,20.9975,0.0,203.0061,224.5711
5P6DYSC2L9L_1.jpg,559,839,handbag,0.0,171.0721,559.0,693.5174
N5FUQ5SU7GM_1.jpg,313,313,handbag,0.0,0.0,313.0,313.0
CJB0O5DI3OL_1.jpg,539,395,handbag,100.9547,164.794,265.5653,278.238
hdf5_4953_20O9724M7PG_1.jpg,227,227,handbag,22.9951,4.5627,211.9953,227.0
4DOZ7ST4XUL_1.jpg,559,838,handbag,44.1051,187.712,496.2243,693.5288
hdf5_3609_OPKFRACGJDG_1.jpg,227,227,handbag,38.9986,63.56,183.0074,194.5617
hdf5_2901_P4TO6X8DQKI_1.jpg,227,227,handbag,20.9975,7.5591,209.9977,207.5688
hdf5_3214_C2WISIBO57Z_1.jpg,227,227,handbag,0.0,63.56,227.0,213.5616
0IWJNWTELST_1.jpg,627,518,handbag,364.4124,246.309,625.9968,517.5856
DN1C8D19FBN_1.jpg,588,588,handbag,0.0,0.0,588.0,588.0
1AWZVBPJZXC_1.jpg,313,313,handbag,76.3094,69.9868,260.1656,305.7384
ITFV3G9LXUL_1.jpg,333,265,handbag,6.8598,11.342,327.1392,260.654
6PQP1CKE0KG_1.jpg,686,457,handbag,30.3898,15.2638,670.2906,443.8384
hdf5_4671_36H93BJHTXU_1.jpg,227,227,handbag,18.0011,18.5686,214.9917,222.5508
SPGXU1FEJER_1.jpg,426,569,handbag,141.006,300.7734,299.6484,459.6951
hdf5_5233_0WCCB7GYVHC_1.jpg,227,227,handbag,10.0107,5.5615,219.0096,223.5723
2FH83G4MVLW_1.jpg,588,588,handbag,0.0,0.0,588.0,588.0
A9ONHU5CHMM_1.jpg,1960,1960,handbag,0.0,0.0,1960.0,1960.0
YH9FDMI0VVL_1.jpg,980,1346,handbag,0.0,0.0,980.0,1346.0
hdf5_25_JD8ZZD5G6IZ_1.jpg,227,227,handbag,18.9999,0.0,201.0085,218.5556
hdf5_1967_LFL3AHNYLMH_1.jpg,227,227,handbag,0.0,0.0,226.0012,220.5532
hdf5_1360_1ZM553ZVNRY_1.jpg,227,227,handbag,0.0,0.0,227.0,227.0
HYD1W13W5OL_1.jpg,392,392,handbag,8.82,4.4688,199.92,187.7288
PVPGTG2RAFC_1.jpg,668,1003,handbag,71.6096,205.615,542.416,783.5436
KSJH4L1KXJJ_1.jpg,333,265,handbag,57.7755,45.686,280.1196,231.186
T0KH4Q3D7OI_1.jpg,588,588,handbag,5.88,11.3484,582.12,563.0688
230LR9ACM8K_1.jpg,255,255,handbag,5.8905,53.8305,125.5365,217.617
hdf5_3837_TVUE7XVSUGH_1.jpg,227,227,handbag,0.0,62.5612,224.0036,227.0
M3WJVWT254W_1.jpg,627,516,handbag,53.8593,0.0,567.2469,516.0
hdf5_2537_72UO7VXPH3R_1.jpg,227,227,handbag,24.9927,4.5627,200.0097,222.5508
2WRSG2CYAVG_1.jpg,2352,2352,handbag,182.28,434.6496,2048.1216,1922.2896
hdf5_5199_2E6PSOTRBJV_1.jpg,227,227,handbag,5.9928,48.5553,227.0,217.5568
0JH2NU73KCF_1.jpg,427,312,handbag,4.9105,149.1984,213.5,312.0
FYJY2RABL4Y_1.jpg,784,784,handbag,41.16,18.1888,750.68,759.0688
633A2T0XLUK_1.jpg,220,220,handbag,0.0,0.0,220.0,220.0
T58VVU4FP1G_1.jpg,2352,2352,handbag,189.1008,426.888,2298.1392,1894.7712
hdf5_1720_R7312YJIUDE_1.jpg,227,227,handbag,0.0,1.5663,206.0025,216.558
HTBYY4E7KYR_1.jpg,627,627,handbag,3.8874,29.9706,610.3218,590.3205
CP0RUURC3SV_1.jpg,490,420,handbag,39.2,4.452,436.1,412.734
1MP6FQX0R9Z_1.jpg,569,569,handbag,104.0132,337.0756,368.8827,546.9797
hdf5_1048_6ZZSYHYS3XQ_1.jpg,227,227,handbag,5.9928,0.0,227.0,227.0
ZESWL1G7HSH_1.jpg,320,479,handbag,138.944,145.1849,294.56,387.6068
FOC7DAD8ZCN_1.jpg,721,1105,handbag,17.6645,128.843,709.2477,966.433
N99O0LUD92M_1.jpg,2007,1505,handbag,222.3756,1.505,1632.6945,1480.017
G6CVZK41KUW_1.jpg,255,255,handbag,0.0,0.0,255.0,255.0
YY4CV0WGY4L_1.jpg,490,490,handbag,0.0,0.0,490.0,490.0
TR8YYGSTPEZ_1.jpg,686,411,handbag,226.38,48.498,465.5196,324.4434
RYNCF16RU2B_1.jpg,715,801,handbag,0.0,0.0,715.0,801.0
hdf5_3140_HRAKQRHFAPX_1.jpg,227,227,handbag,0.0,82.5599,227.0,227.0
Z0T5SP8U5JJ_1.jpg,747,1078,handbag,130.3515,8.4084,596.0313,1074.6582
VWH6OY5E70Q_1.jpg,333,265,handbag,0.0,0.0,333.0,265.0
HSM5FWK5KRW_1.jpg,627,627,handbag,41.1312,111.2298,600.5406,574.6455
IO9FMW8XB2M_1.jpg,313,313,handbag,3.9125,84.6665,199.5375,246.0493
NX0S52I7CSH_1.jpg,1078,1078,handbag,178.3012,6.468,886.8706,1069.6994
hdf5_3016_8MOE86QQE2M_1.jpg,227,227,handbag,1.9976,63.56,223.0048,225.5699
hdf5_3893_X3HTMXJBYTK_1.jpg,227,227,handbag,17.0023,68.554,220.0084,223.5723
F7OS8C1OR5Q_1.jpg,252,255,handbag,148.0752,0.0,245.1456,137.853
056OUTR3F2T_1.jpg,313,313,handbag,2.9422,105.1993,313.0,313.0
hdf5_465_SP157CXZKJW_1.jpg,227,227,handbag,3.9952,0.0,224.0036,227.0
1H4MOBT3OEU_1.jpg,784,784,handbag,94.08,226.2624,521.36,738.8416
hdf5_6086_L0DCAEF13QB_1.jpg,227,227,handbag,0.0,31.553,225.0024,185.5725
hdf5_3637_55VSGDDENUE_1.jpg,227,227,handbag,15.0047,84.5575,202.0073,215.5592
FHQ4SBPKNBO_1.jpg,588,882,handbag,182.28,122.0688,588.0,574.7994
hdf5_3814_PI6UICOMU4U_1.jpg,227,227,handbag,12.0083,25.5602,220.0084,220.5532
hdf5_5772_QRGYN2HACHY_1.jpg,227,227,handbag,0.0,0.0,227.0,227.0
hdf5_2082_HULULRPOT1X_1.jpg,227,227,handbag,14.0059,1.5663,214.9917,222.5508
XEH78PLT0AC_1.jpg,1056,1568,handbag,0.0,0.0,1056.0,1568.0
1MEK90MBXNF_1.jpg,559,591,handbag,17.6644,100.3518,529.5966,491.7711
6Z3W7UT3TKZ_1.jpg,980,980,handbag,98.98,41.748,848.68,814.968
LQSQJ9EMP6J_1.jpg,231,314,handbag,1.9635,121.832,146.8236,311.6136
258OEAK04XM_1.jpg,450,312,handbag,183.33,72.9144,442.17,286.1352
8PD9OZ36ZNM_1.jpg,588,588,handbag,0.0,0.0,588.0,588.0
hdf5_2321_A3P5HNQHBUM_1.jpg,227,227,handbag,22.9951,12.5531,193.9942,222.5508
QV3P9XWXXYG_1.jpg,632,1470,handbag,20.6032,215.208,285.1584,532.728
1I1MHY03LEM_1.jpg,490,490,handbag,0.0,0.0,490.0,490.0
hdf5_65_BW9979ARSRZ_1.jpg,227,227,handbag,10.0107,14.5734,221.0072,191.5653
hdf5_3494_4K73RCFAHYV_1.jpg,227,227,handbag,32.007,55.5696,203.0061,207.5688
51VKQI4THAJ_1.jpg,588,441,handbag,6.8796,9.702,296.94,196.8624
M90JY6ZQFQS_1.jpg,1764,1317,handbag,340.0992,25.023,1495.5192,641.379
UPGYCS89L7C_1.jpg,490,490,handbag,0.0,0.0,490.0,490.0
536HJRHFGLY_1.jpg,441,441,handbag,16.6698,0.0,421.4196,438.6186
hdf5_5278_47BV3G7CRIV_1.jpg,227,227,handbag,0.0,0.0,227.0,227.0
N4AJ5F0B3RL_1.jpg,931,807,handbag,148.96,14.2839,796.7498,330.6279
OTWHYBLYPSG_1.jpg,784,784,handbag,26.4992,24.0688,754.6,755.1488
PCHY7BKZ8ZG_1.jpg,627,627,handbag,6.8343,27.0237,625.0563,604.9923
GUV29INJI2J_1.jpg,948,775,handbag,545.1,517.545,919.56,774.535
0JMABHYKB6H_1.jpg,1003,759,handbag,32.2966,43.7184,694.4772,647.7306
9BFVJ76S6YF_1.jpg,627,994,handbag,76.4313,500.976,279.2031,816.2728
595WSDWDDDO_1.jpg,541,541,handbag,24.5073,22.1269,520.442,411.2141
7942WLHU0RQ_1.jpg,348,348,handbag,0.0,0.0,348.0,348.0
hdf5_5566_BURRJH72JFC_1.jpg,227,227,handbag,0.0,0.0,227.0,227.0
XJMDBAWWEXO_1.jpg,980,725,handbag,266.56,124.99,755.58,676.57
hdf5_3149_F6WQ551PPCN_1.jpg,227,227,handbag,11.0095,57.5672,227.0,224.5711
QZORD1T13FT_1.jpg,784,784,handbag,0.0,47.9024,742.84,752.5616
FCQEF4E2CAM_1.jpg,784,784,handbag,63.6608,55.4288,729.12,719.8688
hdf5_457_OFGLOTDHQFH_1.jpg,227,227,handbag,21.9963,12.5531,198.9882,206.57
C5HTZHWBYUY_1.jpg,1003,799,handbag,0.0,1.5181,676.8244,720.2186
hdf5_4853_ZZQTMWRQDXU_1.jpg,227,227,handbag,14.0059,40.5649,211.9953,185.5725
XYBB17Q3ZOK_1.jpg,231,277,handbag,1.9635,2.5207,138.9927,135.1206
hdf5_3233_IF1ELSHRJMR_1.jpg,227,227,handbag,50.0081,86.5551,209.9977,222.5508
PB05D5YKCSJ_1.jpg,294,461,handbag,23.52,131.9843,272.4498,384.0591
1H0YYZBMYSQ_1.jpg,784,784,handbag,37.24,137.7488,747.7792,688.5088
hdf5_5191_2BTDGUYPYMU_1.jpg,227,227,handbag,23.9939,10.5555,221.0072,225.5699
hdf5_4024_IBITJLPWVSI_1.jpg,227,227,handbag,5.9928,56.5684,206.0025,226.5687
UND19JGXRZQ_1.jpg,588,588,handbag,0.0,0.0,588.0,588.0
hdf5_4992_H1NUUBP73AD_1.jpg,227,227,handbag,39.9974,20.5662,183.0074,216.558
VQXTQJK4HVZ_1.jpg,313,313,handbag,0.0,0.0,313.0,313.0
hdf5_5048_SXMO87U0QKP_1.jpg,227,227,handbag,0.0,0.0,227.0,227.0
hdf5_5155_04GVLWJCYJU_1.jpg,227,227,handbag,12.0083,4.5627,221.0072,226.5687
hdf5_2160_R099LUNNIQZ_1.jpg,227,227,handbag,0.0,45.5589,227.0,227.0
Z1ZE99QNB2T_1.jpg,721,1081,handbag,4.9028,491.0983,714.1505,1055.056
WRRIRGPO2BA_1.jpg,721,932,handbag,2.9561,3.4484,710.185,846.3492
MLRX3TUAK2D_1.jpg,1059,1411,handbag,227.4732,108.3648,835.4451,1181.2892
hdf5_5272_QYGULGEH3DI_1.jpg,227,227,handbag,0.0,0.0,227.0,227.0
9Y6LAP4OSDP_1.jpg,356,356,handbag,0.0,28.9784,347.1712,328.1252
hdf5_3537_0KBYXNN7IDK_1.jpg,227,227,handbag,16.0035,9.5567,208.9989,175.5618
VEJ3HTLJXYO_1.jpg,721,774,handbag,48.9559,7.4304,626.9816,760.842
hdf5_4915_LGOCL3Q0KTY_1.jpg,227,227,handbag,0.0,0.0,227.0,227.0
hdf5_2957_3ARFXBAA0NQ_1.jpg,227,227,handbag,0.0,59.5648,227.0,227.0
Q5G2GNH396L_1.jpg,317,317,handbag,41.0832,14.2333,274.9341,308.758
QFL6O7U6OTX_1.jpg,784,784,handbag,75.4208,29.9488,745.7408,745.3488
hdf5_4354_XTRBG628A1E_1.jpg,227,227,handbag,0.0,0.0,227.0,227.0
6F5JRSU7Z0X_1.jpg,626,626,handbag,96.0284,167.0794,510.3778,556.0132
A40FU8FPRFT_1.jpg,1003,1244,handbag,194.8829,258.3788,831.5873,1001.42
03LTNLRDI3W_1.jpg,784,784,handbag,0.0,0.0,784.0,784.0
F8MVGRZLUIH_1.jpg,569,569,handbag,0.0,0.0,564.1066,491.047
D4QGGJEHKUM_1.jpg,313,313,handbag,0.0,0.0,313.0,313.0
MM8717IYF3P_1.jpg,721,1021,handbag,219.4724,244.5295,656.3263,969.6437
hdf5_1560_I17MVURIRSV_1.jpg,227,227,handbag,5.9928,0.0,224.0036,222.5508
IV2TEMNB64N_1.jpg,1078,1078,handbag,0.0,0.0,1078.0,1078.0
AWTDR8RZFOA_1.jpg,569,569,handbag,16.6717,33.9124,504.2478,523.4231
hdf5_5638_45B6DJOHDKH_1.jpg,227,227,handbag,2.9964,38.5673,227.0,189.5677
Q2EO61OSFWS_1.jpg,588,588,handbag,0.0,47.5692,587.0004,537.6084
2CM6JCP57OC_1.jpg,784,784,handbag,74.48,68.208,730.0608,763.9296
SD29RF57EED_1.jpg,420,441,handbag,0.0,0.0,420.0,441.0
hdf5_2177_GH0CM1OZ33T_1.jpg,227,227,handbag,0.0,0.0,227.0,227.0
CUNVGS0N5JO_1.jpg,1176,1176,handbag,21.5208,346.4496,692.8992,883.5288
PYEELDL1IZW_1.jpg,784,784,handbag,220.4608,217.168,540.96,554.288
XR7W9CR5JUG_1.jpg,708,459,handbag,5.8764,58.4307,492.5556,453.6756
HAE5CJHK78Z_1.jpg,1568,784,handbag,551.7792,83.888,999.6,652.288
5AZMK0HG09K_1.jpg,1205,1568,handbag,61.696,61.3088,854.2245,1382.3488
hdf5_3187_DMFAS1DGLAK_1.jpg,227,227,handbag,6.9916,58.566,225.0024,227.0
hdf5_5122_2KGVYKJ0W5K_1.jpg,227,227,handbag,0.0,0.0,227.0,227.0
9P5GLYO3Z2Z_1.jpg,784,784,handbag,34.3392,207.2896,774.2,672.8288
TYIQBIHGDZC_1.jpg,251,251,handbag,0.0,0.0,251.0,251.0
NUQ2RLLS48I_1.jpg,392,294,handbag,95.06,47.5986,223.44,226.9386
9WRH8BIW20S_1.jpg,784,784,handbag,439.04,530.0624,776.16,761.0288
T20NPSYG3ER_1.jpg,1764,1764,handbag,140.0616,179.928,1670.8608,1568.5488
WLKP9K8026B_1.jpg,392,588,handbag,70.56,228.9084,357.7,522.9084
hdf5_2726_D07OXCCGLGL_1.jpg,227,227,handbag,5.9928,39.5661,221.0072,183.5522
hdf5_1023_FCGMP8GP61N_1.jpg,227,227,handbag,0.0,0.0,227.0,227.0
hdf5_4944_AN9D1DMEPZM_1.jpg,227,227,handbag,0.0,0.0,227.0,227.0
hdf5_2320_P36HS6OQAYG_1.jpg,227,227,handbag,0.0,0.0,227.0,227.0
hdf5_273_R73HGQV5R3F_1.jpg,227,227,handbag,7.9904,15.5722,196.9906,201.5533
8GYVN96IGSB_1.jpg,333,265,handbag,47.0196,31.959,282.0843,249.842
ONO74GOL5GE_1.jpg,971,869,handbag,0.0,0.0,971.0,869.0
32QVDH2VURV_1.jpg,705,797,handbag,0.0,0.0,705.0,797.0
hdf5_1106_6T9HGSSLTPA_1.jpg,227,227,handbag,19.9987,61.5624,205.0037,227.0
hdf5_3058_JPUZ31C0S8P_1.jpg,227,227,handbag,54.0033,117.5633,174.9943,227.0
hdf5_71_K2MN32P7RNB_1.jpg,227,227,handbag,16.0035,0.0,205.0037,227.0
hdf5_561_5UGJFU1JQEB_1.jpg,227,227,handbag,28.0118,39.5661,197.9894,195.5605
W4LRAT32YAQ_1.jpg,255,254,handbag,28.4325,56.4388,236.3595,205.5114
C53N0FB1KAY_1.jpg,486,549,handbag,0.0,0.0,486.0,549.0
59WFDQARIYN_1.jpg,588,588,handbag,0.0,0.0,588.0,588.0
2OWMLMZBWUA_1.jpg,784,784,handbag,25.48,125.9888,755.6192,715.9488
HARFV8TVIYD_1.jpg,392,295,handbag,123.48,134.3725,288.12,277.005
hdf5_1299_XEKVRIUIJWE_1.jpg,227,227,handbag,16.0035,2.5651,190.9978,201.5533
hdf5_1549_NOTQAF4H49R_1.jpg,227,227,handbag,34.0046,1.5663,194.993,188.5689
hdf5_3728_NWJOAATIO8L_1.jpg,227,227,handbag,4.994,54.5708,212.9941,218.5556
hdf5_4736_IJ4FDFOLE4J_1.jpg,227,227,handbag,18.9999,5.5615,213.9929,226.5687
hdf5_4129_HYZTB11HOMN_1.jpg,227,227,handbag,0.0,0.0,227.0,227.0
hdf5_3932_MNTHXHVF0ET_1.jpg,227,227,handbag,16.0035,78.5647,214.9917,227.0
I493NXHMRAZ_1.jpg,242,322,handbag,26.4506,165.9588,212.597,289.2848
YRF39QNT9EO_1.jpg,579,686,handbag,0.0,0.0,579.0,686.0
OT8PB659BPC_1.jpg,490,490,handbag,38.22,5.439,446.88,490.0
65144DUEVLM_1.jpg,313,313,handbag,0.0,68.0462,283.6406,289.0868
X4XUNJ4Q9LI_1.jpg,1205,1568,handbag,87.242,191.6096,857.237,1401.008
JKZUKRTVR0Y_1.jpg,283,283,handbag,8.8296,47.7138,277.1136,240.3236
7LWUB8NXU9A_1.jpg,869,869,handbag,11.7315,500.8047,526.7009,788.183
J978MGGQKWQ_1.jpg,490,474,handbag,0.0,0.0,490.0,474.0
hdf5_5780_VU2QR4WDZOW_1.jpg,227,227,handbag,11.0095,62.5612,211.9953,227.0
GX00TAF5QXU_1.jpg,588,588,handbag,267.54,167.1684,562.5396,558.1884
hdf5_4887_78Z1X92U59C_1.jpg,227,227,handbag,2.9964,30.5542,225.0024,223.5723
hdf5_6012_71UWAJIYXSQ_1.jpg,227,227,handbag,0.0,0.0,227.0,227.0
hdf5_5637_Z4I1BY2Z1PN_1.jpg,227,227,handbag,8.9892,19.5674,225.0024,213.5616
7MJY07R5RKG_1.jpg,338,329,handbag,0.0,0.0,338.0,329.0
B0HKCNRUO4U_1.jpg,313,401,handbag,0.0,0.0,313.0,401.0
hdf5_5647_CNT4I5T0ZBE_1.jpg,227,227,handbag,0.0,0.0,227.0,227.0
LOL5MEH48OD_1.jpg,588,588,handbag,48.0396,9.3492,530.1996,582.6492
hdf5_643_6FHJYEAI54Y_1.jpg,227,227,handbag,21.9963,8.5579,203.0061,217.5568
F2LH09UJN5O_1.jpg,177,159,handbag,0.0,0.0,177.0,159.0
hdf5_2699_YNZ4LHTOFST_1.jpg,227,227,handbag,28.0118,0.5675,226.0012,204.5724
BBGURNJ7B4Y_1.jpg,549,823,handbag,20.5875,141.6383,528.4125,592.3131
05RHRB2L9KJ_1.jpg,231,283,handbag,0.0,0.0,231.0,283.0
hdf5_5924_EBB4M4R2V0N_1.jpg,227,227,handbag,23.9939,38.5673,206.0025,212.5628
KNDORKQ5AEC_1.jpg,486,549,handbag,2.9646,50.5629,486.0,526.0518
hdf5_2091_I65WF0313HS_1.jpg,227,227,handbag,0.0,0.0,227.0,227.0
REJTMHUAZKQ_1.jpg,479,694,handbag,0.0,0.0,479.0,694.0
KED2V2B8WSC_1.jpg,441,441,handbag,15.6996,30.9141,431.2098,436.6341
hdf5_2479_W0UJU8Y8I3X_1.jpg,227,227,handbag,0.0,0.0,227.0,227.0
PHQQUJFNF7F_1.jpg,525,407,handbag,0.0,0.0,525.0,407.0
W2VD5IDUFHX_1.jpg,392,294,handbag,101.92,88.7586,220.5,227.9088
hdf5_4716_8M8FD9124VM_1.jpg,227,227,handbag,34.0046,3.5639,197.9894,227.0
hdf5_5293_OCI958VE0IB_1.jpg,227,227,handbag,32.007,9.5567,208.0001,222.5508
hdf5_5985_7GNXRTBLM6P_1.jpg,227,227,handbag,6.9916,10.5555,218.0108,218.5556
PFRTK31L8OD_1.jpg,811,761,handbag,18.5719,11.3389,773.7751,756.6623
hdf5_2130_JGBYQL91ZKL_1.jpg,227,227,handbag,7.9904,1.5663,213.9929,224.5711
5Q2T2RM57CY_1.jpg,686,411,handbag,372.4294,131.6844,639.9694,411.0
HON4U4RZZFG_1.jpg,784,784,handbag,0.0,264.208,776.16,673.7696
8E8K2TKQ12E_1.jpg,367,388,handbag,0.0,0.0,367.0,388.0
H3I1MQ27IOG_1.jpg,320,441,handbag,40.128,30.9141,277.92,418.0239
S0OI9FE6XZK_1.jpg,231,287,handbag,10.7646,24.1367,227.073,267.8858
3EDMGUATPJF_1.jpg,231,231,handbag,0.0,0.0,231.0,231.0
4K1YDKNA8TC_1.jpg,784,784,handbag,12.7008,44.688,769.2608,756.0896
2I41PQITY9S_1.jpg,220,209,handbag,16.632,0.0,207.284,209.0
YCV2IJG3COS_1.jpg,627,627,handbag,27.4626,72.0423,617.2188,548.1861
hdf5_4667_LPGE27112YX_1.jpg,227,227,handbag,11.0095,4.5627,210.9965,216.558
VJWAOSS1PMV_1.jpg,1029,1544,handbag,0.0,0.0,1029.0,1544.0
JXGO7COJ43W_1.jpg,686,678,handbag,48.9804,98.649,603.68,666.7452
6613KRQRUCD_1.jpg,471,353,handbag,0.0,0.0,471.0,353.0
6SBCMU64RPT_1.jpg,255,255,handbag,85.323,123.1395,173.604,244.7745
CJ4RHZ2VB8W_1.jpg,309,309,handbag,49.8726,113.0013,256.1919,298.803
hdf5_4737_E0OICGAVALG_1.jpg,227,227,handbag,10.0107,42.5625,227.0,180.5558
AUGH5LGXD5X_1.jpg,627,769,handbag,47.025,5.4599,567.2469,758.7723
E0FAJISJECM_1.jpg,294,294,handbag,73.5,82.8786,291.06,279.8586
R35ZSQF5YYM_1.jpg,1505,2007,handbag,162.6905,943.6914,1377.677,1796.265
hdf5_1209_9R59GDQ2L6W_1.jpg,227,227,handbag,24.9927,10.5555,212.9941,202.5748
ELRJ31QR00Z_1.jpg,686,686,handbag,100.9106,7.4088,596.82,662.0586
B3B5VZ057XB_1.jpg,980,813,handbag,214.62,58.3734,834.96,782.1873
FBAR8LAPMIL_1.jpg,602,400,handbag,1.9866,0.0,548.1812,388.8
KA8AR4Q0XHC_1.jpg,333,265,handbag,50.9157,22.154,274.2255,251.803
hdf5_4705_C8RL0D68MZZ_1.jpg,227,227,handbag,4.994,37.5685,227.0,208.5676
U9Q4TN4T61X_1.jpg,231,231,handbag,29.3601,18.1797,215.3382,215.8926
hdf5_5126_5O5UJ0MIQRX_1.jpg,227,227,handbag,4.994,48.5553,226.0012,192.5641
I0MR3CBXGSD_1.jpg,1113,1145,handbag,0.0,0.0,1113.0,1145.0
hdf5_4895_GHYCW6T3ADX_1.jpg,227,227,handbag,30.0094,4.5627,192.9954,225.5699
hdf5_3493_XT4ZDDGUJEU_1.jpg,227,227,handbag,0.0,37.5685,227.0,191.5653
IRQSY4TDK0T_1.jpg,686,411,handbag,4.8706,32.8389,238.1106,386.0934
JCBC7U2PSDW_1.jpg,588,588,handbag,0.0,0.0,588.0,588.0
hdf5_2850_NLKSTIY1GGC_1.jpg,227,227,handbag,0.0,0.0,227.0,227.0
hdf5_2681_34T0XIYN1QX_1.jpg,227,227,handbag,18.0011,10.5555,206.0025,206.57
hdf5_2829_H4KYCGKJ0BO_1.jpg,227,227,handbag,21.9963,9.5567,203.0061,222.5508
