filename,width,height,class,xmin,ymin,xmax,ymax
hdf5_5710_FTYUYLZ6V3K_1.jpg,227,227,handbag,7.9904,40.5649,223.0048,186.5713
hdf5_5653_1LAZOZK49LG_1.jpg,227,227,handbag,15.0047,70.5516,204.0049,227.0
hdf5_5823_7H8ULFY286Z_1.jpg,227,227,handbag,4.994,67.5552,222.006,225.5699
hdf5_5648_HUJL8OXLYHK_1.jpg,227,227,handbag,21.9963,77.5659,198.9882,227.0
hdf5_5531_DR64TG0RS5B_1.jpg,227,227,handbag,2.9964,72.5719,225.0024,227.0
hdf5_5093_3B7SNPC62YY_1.jpg,227,227,handbag,3.9952,50.5529,224.0036,221.552
hdf5_4757_MQ196OAUGYO_1.jpg,227,227,handbag,2.9964,51.5744,224.0036,209.5664
hdf5_5268_5LS4Y5Y3LLQ_1.jpg,227,227,handbag,0.0,0.0,227.0,227.0
hdf5_5739_W7K9RX9M63B_1.jpg,227,227,handbag,24.9927,15.5722,198.9882,210.5652
hdf5_4901_FAKGBKRSVGQ_1.jpg,227,227,handbag,2.9964,82.5599,227.0,219.5544
hdf5_5902_T3UJB1V997V_1.jpg,227,227,handbag,19.9987,6.5603,209.9977,211.564
hdf5_5644_9HXROKGMKDU_1.jpg,227,227,handbag,0.0,0.0,227.0,227.0
hdf5_5575_O4VGXSAI5NQ_1.jpg,227,227,handbag,6.9916,84.5575,215.9905,225.5699
hdf5_5564_H98YEEOK8JC_1.jpg,227,227,handbag,22.9951,71.5504,202.0073,227.0
hdf5_4946_QSDY311SIBA_1.jpg,227,227,handbag,3.9952,5.5615,226.0012,211.564
hdf5_5324_6FQ58S6B78R_1.jpg,227,227,handbag,42.9938,64.5588,182.0086,221.552
hdf5_5650_2T1F41LSVDH_1.jpg,227,227,handbag,5.9928,94.5682,206.0025,215.5592
hdf5_4955_A3LFGPLCOXT_1.jpg,227,227,handbag,4.994,28.5566,225.0024,225.5699
hdf5_4703_OTHPP3M2VMY_1.jpg,227,227,handbag,7.9904,70.5516,220.0084,227.0
hdf5_5287_S0FHI0NKIND_1.jpg,227,227,handbag,3.9952,33.5506,223.0048,159.5583
hdf5_5076_1GPPHVY5NLS_1.jpg,227,227,handbag,0.0,0.0,227.0,227.0
hdf5_4861_CQHGSJ2AV2J_1.jpg,227,227,handbag,3.9952,90.573,227.0,227.0
hdf5_4983_O4QFJP8L16G_1.jpg,227,227,handbag,34.0046,105.555,180.011,222.5508
hdf5_5735_IHRY0KY1MAE_1.jpg,227,227,handbag,0.9988,79.5635,227.0,212.5628
hdf5_4632_QXKL6SM3T2D_1.jpg,227,227,handbag,19.9987,91.5718,208.0001,227.0
hdf5_4609_1TCDXNL320T_1.jpg,227,227,handbag,33.0058,93.5694,194.993,227.0
hdf5_4689_1X7TI17G2FL_1.jpg,227,227,handbag,18.0011,58.566,206.0025,217.5568
hdf5_5297_TTB89O0EK4V_1.jpg,227,227,handbag,0.0,0.0,227.0,227.0
hdf5_4732_2YRXBLVOY0G_1.jpg,227,227,handbag,2.9964,32.5518,225.0024,211.564
hdf5_4726_ZZ77PSHCXBC_1.jpg,227,227,handbag,42.9938,88.5527,186.0038,222.5508
hdf5_5703_CGLFGHCH5QD_1.jpg,227,227,handbag,10.0107,21.565,210.9965,224.5711
hdf5_4769_77R05C0YJ9N_1.jpg,227,227,handbag,47.9878,4.5627,186.0038,227.0
hdf5_5559_99A6EYW8NMQ_1.jpg,227,227,handbag,16.0035,31.553,209.9977,218.5556
hdf5_5173_261SR4TP8SO_1.jpg,227,227,handbag,1.9976,68.554,227.0,227.0
hdf5_5306_6YNOLS9AO3J_1.jpg,227,227,handbag,17.0023,70.5516,215.9905,217.5568
hdf5_5663_4XYR5NCESDP_1.jpg,227,227,handbag,22.9951,88.5527,203.0061,217.5568
hdf5_5864_Q3J1RYY1ZOR_1.jpg,227,227,handbag,8.9892,3.5639,221.0072,223.5723
hdf5_4813_QA2249H58CO_1.jpg,227,227,handbag,16.0035,77.5659,215.9905,222.5508
hdf5_5807_3PLG6V76EJH_1.jpg,227,227,handbag,30.0094,68.554,189.999,211.564
hdf5_4883_0KWNTT6QEEM_1.jpg,227,227,handbag,17.0023,43.5613,221.0072,223.5723
hdf5_5149_KVU2OFZSQ5L_1.jpg,227,227,handbag,13.0071,64.5588,208.0001,220.5532
hdf5_4641_BPCZNQAFBHK_1.jpg,227,227,handbag,0.0,111.003,227.0,218.0108
hdf5_5228_E9KWRGJ3LFT_1.jpg,227,227,handbag,13.0071,34.5721,213.9929,190.5665
hdf5_5483_S3BJ7A2KPGA_1.jpg,227,227,handbag,30.0094,86.5551,189.999,227.0
hdf5_5174_GEL6XNVRXRQ_1.jpg,227,227,handbag,17.0023,58.566,214.9917,226.5687
hdf5_5929_HWQQY4G0K4Y_1.jpg,227,227,handbag,17.0023,63.56,211.9953,224.5711
hdf5_5301_WAQSRLYI5EB_1.jpg,227,227,handbag,4.994,71.5504,222.006,208.5676
hdf5_4968_OJ07DCQR29P_1.jpg,227,227,handbag,8.9892,9.5567,221.0072,225.5699
hdf5_5769_5WLQC2IZOTF_1.jpg,227,227,handbag,28.0118,120.5597,209.9977,221.552
hdf5_4715_T8V3PN9VESB_1.jpg,227,227,handbag,38.9986,79.5635,188.0014,220.5532
hdf5_5026_DNSID9TB4JF_1.jpg,227,227,handbag,0.0,0.0,227.0,227.0
hdf5_4681_DUXRLXU59OC_1.jpg,227,227,handbag,39.9974,82.5599,183.0074,219.5544
hdf5_4903_Y4BL9KWDD9H_1.jpg,227,227,handbag,0.0,0.0,227.0,227.0
hdf5_5618_KLTCJNB9MAV_1.jpg,227,227,handbag,0.0,58.566,227.0,212.5628
hdf5_4877_AFXSGS73JYZ_1.jpg,227,227,handbag,19.9987,45.5589,207.0013,217.5568
hdf5_5128_6S99DZ85VTI_1.jpg,227,227,handbag,3.9952,83.5587,227.0,222.5508
hdf5_4704_CHBEZOKC4TY_1.jpg,227,227,handbag,14.0059,19.5674,223.0048,221.552
hdf5_5052_EY03EC18INJ_1.jpg,227,227,handbag,5.9928,45.5589,208.0001,218.5556
hdf5_4762_E8YQI5K34UM_1.jpg,227,227,handbag,0.0,0.0,227.0,227.0
hdf5_5321_6UYRGO30RNN_1.jpg,227,227,handbag,19.9987,77.5659,206.0025,217.5568
hdf5_4953_20O9724M7PG_1.jpg,227,227,handbag,22.9951,4.5627,211.9953,227.0
hdf5_4569_F1O7Z6WQ1TY_1.jpg,227,227,handbag,0.0,75.9996,227.0,210.9965
hdf5_4806_8BVLCBIAX4H_1.jpg,227,227,handbag,0.0,0.0,227.0,227.0
hdf5_5833_Y12JU79EOLU_1.jpg,227,227,handbag,3.9952,77.5659,225.0024,226.5687
hdf5_5874_UJXD26AZRNR_1.jpg,227,227,handbag,24.9927,70.5516,192.9954,215.5592
hdf5_5816_AIHHYRASOXJ_1.jpg,227,227,handbag,26.9903,90.573,201.0085,218.5556
hdf5_5271_QF7NL4ZQXAM_1.jpg,227,227,handbag,26.9903,87.5539,207.0013,224.5711
hdf5_4612_C4N2VI4PTUT_1.jpg,227,227,handbag,1.9976,49.5541,227.0,183.5522
hdf5_5904_B79F415W40O_1.jpg,227,227,handbag,0.0,0.0,227.0,227.0
hdf5_5443_OHQ5YBTD9AI_1.jpg,227,227,handbag,0.0,0.0,227.0,227.0
hdf5_5006_3VNYDA7IYPL_1.jpg,227,227,handbag,43.9926,86.5551,187.0026,189.5677
hdf5_5373_R59OUT5VEJA_1.jpg,227,227,handbag,23.9939,90.573,198.9882,221.552
hdf5_5636_YAR24O0DB3J_1.jpg,227,227,handbag,19.9987,109.5502,192.9954,227.0
hdf5_5384_87I59WZAIXB_1.jpg,227,227,handbag,10.0107,28.5566,214.9917,192.5641
hdf5_4846_CVWRW90VQWM_1.jpg,227,227,handbag,13.0071,55.5696,219.0096,222.5508
hdf5_4940_24GHO4YCWSJ_1.jpg,227,227,handbag,5.9928,81.5611,217.012,227.0
hdf5_5899_VRY9D80HURU_1.jpg,227,227,handbag,20.9975,50.5529,211.9953,225.5699
hdf5_5104_UQXTFTC4JEI_1.jpg,227,227,handbag,18.9999,75.5683,191.9966,218.5556
hdf5_5611_3YN3AS4OHNK_1.jpg,227,227,handbag,2.9964,101.5598,227.0,224.5711
hdf5_4866_8BZWIOL4APM_1.jpg,227,227,handbag,1.9976,77.5659,227.0,215.5592
hdf5_5768_L5Y83BKMWSG_1.jpg,227,227,handbag,36.0022,86.5551,186.0038,227.0
hdf5_4912_9FUGLQTNIMJ_1.jpg,227,227,handbag,0.0,0.0,227.0,227.0
hdf5_5813_LZKJU0CI6PL_1.jpg,227,227,handbag,28.0118,132.568,191.9966,227.0
hdf5_5665_YVNKDIWBF0A_1.jpg,227,227,handbag,2.9964,77.5659,227.0,221.552
hdf5_5730_2W9JMB77V9C_1.jpg,227,227,handbag,20.9975,92.5706,213.9929,221.552
hdf5_4802_6CHJ968DLCX_1.jpg,227,227,handbag,16.0035,83.5587,214.9917,227.0
hdf5_4853_ZZQTMWRQDXU_1.jpg,227,227,handbag,14.0059,40.5649,211.9953,185.5725
hdf5_4644_ZP7BD8FCFAF_1.jpg,227,227,handbag,15.0047,62.5612,215.0144,226.5687
hdf5_5789_ZQQM0JJ05SP_1.jpg,227,227,handbag,0.0,0.0,227.0,227.0
hdf5_5307_K393SP6ZIQS_1.jpg,227,227,handbag,11.0095,25.5602,223.0048,226.5687
hdf5_4722_UHPGG2T1INR_1.jpg,227,227,handbag,38.9986,66.5564,183.0074,224.5711
hdf5_5591_SHP3GKLNI4Q_1.jpg,227,227,handbag,3.9952,80.5623,221.0072,209.5664
hdf5_5212_W9ANCXJFU8H_1.jpg,227,227,handbag,3.9952,94.5682,227.0,227.0
hdf5_5136_8NLGK4BKKIM_1.jpg,227,227,handbag,2.9964,48.5553,220.0084,197.5581
hdf5_5505_GDPLULFVTQC_1.jpg,227,227,handbag,38.9986,82.5599,193.9942,203.5736
hdf5_5251_GYRRQDIKTRB_1.jpg,227,227,handbag,0.0,0.0,227.0,227.0
hdf5_4753_BSF7E9U02HQ_1.jpg,227,227,handbag,6.9916,84.5575,221.0072,195.5605
hdf5_5782_2DHIH31JSKN_1.jpg,227,227,handbag,0.0,0.0,227.0,227.0
hdf5_5596_VHYGS7ZGG4O_1.jpg,227,227,handbag,0.0,0.0,227.0,227.0
hdf5_5520_Y0T2ZA8Q42Q_1.jpg,227,227,handbag,1.9976,9.5567,225.0024,224.5711
hdf5_5082_FEAYXQRI2DQ_1.jpg,227,227,handbag,18.9999,26.559,200.0097,194.5617
hdf5_5208_0GDAN1IRWBM_1.jpg,227,227,handbag,1.9976,41.5637,227.0,183.5522
hdf5_4736_IJ4FDFOLE4J_1.jpg,227,227,handbag,12.0083,59.5648,219.0096,225.5699
hdf5_5360_V4MH3I2Q3VT_1.jpg,227,227,handbag,29.0106,61.5624,227.0,210.5652
hdf5_5138_KC4ZFSHR5AT_1.jpg,227,227,handbag,32.007,83.5587,195.9918,190.5665
hdf5_4823_70X0CBUT4ME_1.jpg,227,227,handbag,3.9952,53.572,224.0036,227.0
hdf5_5576_D12Z0V3393I_1.jpg,227,227,handbag,16.0035,81.5611,212.9941,223.5723
hdf5_5192_5RNSZDBQPUC_1.jpg,227,227,handbag,2.9964,52.5732,224.0036,212.5628
hdf5_5305_DVRGU317DRO_1.jpg,227,227,handbag,14.0059,9.5567,218.0108,209.5664
hdf5_5569_1S6930Q1ZAS_1.jpg,227,227,handbag,3.9952,72.5719,227.0,227.0
hdf5_4957_ZIO13J6H2PE_1.jpg,227,227,handbag,2.9964,87.5539,227.0,225.5699
hdf5_4821_NUG29YFYO0W_1.jpg,227,227,handbag,18.0011,81.5611,212.9941,224.5711
hdf5_5115_4KPS7G2Q3WZ_1.jpg,227,227,handbag,1.9976,56.5684,227.0,227.0
hdf5_5407_S7G49YMHUYT_1.jpg,227,227,handbag,1.9976,70.5516,227.0,218.5556
hdf5_5787_6AMX3HTUGZI_1.jpg,227,227,handbag,11.0095,9.5567,220.0084,214.5604
hdf5_5780_VU2QR4WDZOW_1.jpg,227,227,handbag,11.0095,62.5612,211.9953,227.0
hdf5_4980_76TFLBO966C_1.jpg,227,227,handbag,0.0,0.0,227.0,227.0
hdf5_5385_FLCDH3YFMFJ_1.jpg,227,227,handbag,28.0118,65.5576,227.0,212.5628
hdf5_5729_KEKRM2JE37G_1.jpg,227,227,handbag,18.9999,25.5602,208.9989,207.5688
hdf5_5859_PTFC4U62HHT_1.jpg,227,227,handbag,7.9904,22.5638,214.9917,215.5592
hdf5_5031_5CWK6DVL7NX_1.jpg,227,227,handbag,35.0034,88.5527,204.0049,220.5532
hdf5_5766_EMFMRZ8MW7J_1.jpg,227,227,handbag,0.0,0.0,227.0,227.0
hdf5_4795_KFNPILALETN_1.jpg,227,227,handbag,0.0,0.0,227.0,227.0
hdf5_4639_OFUGACUQNQP_1.jpg,227,227,handbag,21.9963,101.5598,206.0025,222.5508
hdf5_5681_AFXZUWCROSF_1.jpg,227,227,handbag,23.9939,17.5698,227.0,212.5628
hdf5_4815_S1JSRT4Y51T_1.jpg,227,227,handbag,5.9928,72.5719,210.9965,227.0
hdf5_5154_PR02WYUAU6Z_1.jpg,227,227,handbag,26.9903,74.5695,215.9905,223.5723
hdf5_5067_JN6MTLABR6Y_1.jpg,227,227,handbag,11.0095,34.5721,217.012,227.0
hdf5_5048_SXMO87U0QKP_1.jpg,227,227,handbag,0.0,0.0,227.0,227.0
hdf5_5146_R1Q2KLC6CYT_1.jpg,227,227,handbag,10.0107,76.5671,213.9929,213.5616
hdf5_4801_T747WN7CTIL_1.jpg,227,227,handbag,2.9964,22.5638,226.0012,196.5593
hdf5_5724_D5JSAVMNS3F_1.jpg,227,227,handbag,17.0023,52.5732,215.9905,204.5724
hdf5_4963_79108U6DIVH_1.jpg,227,227,handbag,2.9964,6.5603,223.0048,216.558
hdf5_5439_OW3BPRR6IPZ_1.jpg,227,227,handbag,0.0,0.0,227.0,227.0
hdf5_4583_C0YVORE41XT_1.jpg,227,227,handbag,24.9927,83.5587,193.9942,225.0024
hdf5_4744_SZP10OFW2RM_1.jpg,227,227,handbag,4.994,77.5659,223.0048,215.5592
hdf5_4935_ZIFWTM62B9W_1.jpg,227,227,handbag,4.994,71.5504,218.0108,227.0
hdf5_5624_XJRQCK1JUZM_1.jpg,227,227,handbag,3.9952,3.5639,227.0,201.5533
hdf5_5351_FRDJNF4815G_1.jpg,227,227,handbag,37.001,51.5744,184.0062,227.0
hdf5_4573_GKTQ9B3281L_1.jpg,227,227,handbag,7.9904,87.0091,215.9905,221.0072
hdf5_4836_3MRMH9ZO84C_1.jpg,227,227,handbag,24.9927,102.5586,208.9989,227.0
hdf5_4586_32TLZJ0BM8Z_1.jpg,227,227,handbag,3.9952,48.5553,227.0,188.5689
hdf5_5117_IMABW8MFYEW_1.jpg,227,227,handbag,32.007,53.572,201.0085,227.0
hdf5_4988_928WM9RTPYJ_1.jpg,227,227,handbag,0.0,0.0,227.0,227.0
hdf5_4663_VRBR4YS83BG_1.jpg,227,227,handbag,1.9976,79.5635,227.0,210.5652
hdf5_5647_CNT4I5T0ZBE_1.jpg,227,227,handbag,32.007,5.5615,222.006,186.5713
hdf5_4921_GCTITT8XP1A_1.jpg,227,227,handbag,2.9964,52.5732,227.0,190.5665
hdf5_5691_SXWZWQ8NWJN_1.jpg,227,227,handbag,4.994,77.5659,225.0024,221.552
hdf5_5484_WCBTULM1YZK_1.jpg,227,227,handbag,0.0,0.0,227.0,227.0
hdf5_5137_U0JIWINEG4L_1.jpg,227,227,handbag,6.9916,64.5588,227.0,218.5556
hdf5_4923_IKQRV85NTIS_1.jpg,227,227,handbag,0.0,0.0,227.0,227.0
hdf5_4695_3CNMT4FE9CV_1.jpg,227,227,handbag,25.9915,50.5529,207.0013,211.564
hdf5_4914_L0OYI8LVM2N_1.jpg,227,227,handbag,32.007,3.5639,192.9954,225.5699
hdf5_4616_5FV22ZFUWSN_1.jpg,227,227,handbag,0.0,13.0071,226.0012,225.0024
hdf5_4954_LNJGRLCX8KK_1.jpg,227,227,handbag,26.9903,10.5555,198.9882,213.5616
hdf5_4589_KD4E63P9TKA_1.jpg,227,227,handbag,0.0,109.0054,227.0,227.0
hdf5_5269_XKKUKZOOE4D_1.jpg,227,227,handbag,4.994,87.5539,206.0025,226.5687
hdf5_4604_FTB6C78C44N_1.jpg,227,227,handbag,0.0,7.9904,227.0,226.0012
hdf5_5017_99WXL1ZO0WY_1.jpg,227,227,handbag,2.9964,77.5659,227.0,227.0
hdf5_5408_SVF9N4RXSTN_1.jpg,227,227,handbag,6.9916,9.5567,223.0048,217.5568
hdf5_5124_AUS2PI9BHWY_1.jpg,227,227,handbag,0.9988,22.5638,226.0012,201.5533
hdf5_5303_NOJNA9XAHVU_1.jpg,227,227,handbag,15.0047,72.5719,212.9941,221.552
hdf5_4772_FWZKN3X2JVA_1.jpg,227,227,handbag,0.0,0.0,227.0,227.0
hdf5_4977_WPI34P7JPLE_1.jpg,227,227,handbag,2.9964,90.573,227.0,227.0
hdf5_4864_FHCTE2NVTKL_1.jpg,227,227,handbag,18.0011,65.5576,173.9955,227.0
hdf5_4822_53JSZJLEBLI_1.jpg,227,227,handbag,19.9987,6.5603,208.0001,223.5723
hdf5_5561_VJ4Y9W2LIOD_1.jpg,227,227,handbag,17.0023,71.5504,221.0072,221.552
hdf5_4625_K0WSTDGIT5P_1.jpg,227,227,handbag,3.9952,59.5648,225.0024,215.5592
hdf5_5740_AE6V5W4V1EK_1.jpg,227,227,handbag,11.0095,73.5707,208.0001,206.57
hdf5_4871_PGWRRTOTI6O_1.jpg,227,227,handbag,0.0,0.0,227.0,227.0
hdf5_5004_DID41SD85ND_1.jpg,227,227,handbag,2.9964,105.555,225.0024,227.0
hdf5_4847_EYWKZ1QQF2E_1.jpg,227,227,handbag,0.0,0.0,227.0,227.0
hdf5_5244_6X235CD64RA_1.jpg,227,227,handbag,13.0071,81.5611,223.0048,227.0
hdf5_5145_9XVJ8CUWMEF_1.jpg,227,227,handbag,0.0,28.5566,227.0,202.5748
hdf5_4899_LVC7HFLOZYK_1.jpg,227,227,handbag,7.9904,32.5518,227.0,197.5581
hdf5_5581_05FPEZTEX7Y_1.jpg,227,227,handbag,13.0071,71.5504,223.0048,225.5699
hdf5_5900_2W0EDC3PF9J_1.jpg,227,227,handbag,4.994,21.565,225.0024,202.5748
hdf5_4858_8M91QBUJ0XY_1.jpg,227,227,handbag,0.9988,93.5694,227.0,227.0
hdf5_4631_I5ATT04QISL_1.jpg,227,227,handbag,0.0,96.9971,224.0036,227.0
hdf5_5225_79RO4SEJ01N_1.jpg,227,227,handbag,3.9952,57.5672,227.0,210.5652
hdf5_4915_LGOCL3Q0KTY_1.jpg,227,227,handbag,5.9928,69.5528,224.0036,217.5568
hdf5_4771_7VV6L0OIQFS_1.jpg,227,227,handbag,1.9976,97.5646,227.0,224.5711
hdf5_5282_QK2VKH2527U_1.jpg,227,227,handbag,3.9952,31.553,227.0,186.5713
hdf5_4947_9D333VPTLUB_1.jpg,227,227,handbag,1.9976,90.573,227.0,227.0
hdf5_5065_QYWUS319AOA_1.jpg,227,227,handbag,12.0083,18.5686,222.006,191.5653
hdf5_5424_K0G28NJR8LB_1.jpg,227,227,handbag,3.9952,73.5707,227.0,226.5687
hdf5_5341_10EKFME9NHV_1.jpg,227,227,handbag,22.9951,61.5624,208.0001,213.5616
hdf5_5847_APPEWSH83UM_1.jpg,227,227,handbag,0.0,0.0,227.0,227.0
hdf5_5180_N06YXBWUZ1I_1.jpg,227,227,handbag,8.9892,101.5598,227.0,227.0
hdf5_4855_RID0ZDD3T0U_1.jpg,227,227,handbag,11.0095,28.5566,212.9941,194.5617
hdf5_5637_Z4I1BY2Z1PN_1.jpg,227,227,handbag,10.0107,45.5589,226.0012,208.5676
hdf5_5378_R61EXD2MVYO_1.jpg,227,227,handbag,17.0023,78.5647,200.0097,175.5618
hdf5_4786_MPWZC2JAASJ_1.jpg,227,227,handbag,44.9914,96.5658,168.0027,227.0
hdf5_5646_VY1CT0YH7EC_1.jpg,227,227,handbag,13.0071,62.5612,223.0048,214.5604
hdf5_4743_X6O7FAJS49P_1.jpg,227,227,handbag,2.9964,27.5578,227.0,203.5736
hdf5_5608_6HO191TEFRF_1.jpg,227,227,handbag,11.0095,110.5717,217.012,224.5711
hdf5_4765_W1FNBJAG8VQ_1.jpg,227,227,handbag,3.9952,46.5577,224.0036,191.5653
hdf5_5924_EBB4M4R2V0N_1.jpg,227,227,handbag,28.0118,86.5551,203.0061,202.5748
hdf5_4678_1TL9C46VCYG_1.jpg,227,227,handbag,1.9976,67.5552,226.0012,179.557
hdf5_4787_07Y8LHZJX3A_1.jpg,227,227,handbag,18.0011,80.5623,206.0025,199.5557
hdf5_5232_O95BSB4ULMP_1.jpg,227,227,handbag,7.9904,14.5734,224.0036,212.5628
hdf5_5042_MV4KWZYIDRU_1.jpg,227,227,handbag,13.0071,62.5612,215.9905,205.5712
hdf5_5775_1GN6DPGLI1Z_1.jpg,227,227,handbag,16.0035,62.5612,215.9905,227.0
hdf5_5726_RG7O6L8T5XU_1.jpg,227,227,handbag,16.0035,94.5682,227.0,227.0
hdf5_5573_PE3RCTMJI1H_1.jpg,227,227,handbag,0.0,0.0,227.0,227.0
hdf5_5477_VNYZCA3BFTN_1.jpg,227,227,handbag,0.0,0.0,227.0,227.0
hdf5_4590_FLF5255EHLI_1.jpg,227,227,handbag,37.9998,19.5674,192.9954,224.5711
hdf5_5861_Z92645JV14N_1.jpg,227,227,handbag,0.0,0.0,227.0,227.0
hdf5_5353_UZR8UZMKXVN_1.jpg,227,227,handbag,4.994,94.5682,227.0,223.5723
hdf5_5791_TO12FJIUZRY_1.jpg,227,227,handbag,32.007,95.567,194.993,224.5711
hdf5_5655_2LKL0GQG7HP_1.jpg,227,227,handbag,28.0118,84.5575,206.0025,227.0
hdf5_5662_RTYZIVZR5TM_1.jpg,227,227,handbag,0.0,0.0,227.0,227.0
hdf5_4649_TODL8NR7JYD_1.jpg,227,227,handbag,0.0,97.9959,227.0,227.0
hdf5_5229_RZ9VS86JPCL_1.jpg,227,227,handbag,15.0047,59.5648,214.9917,216.558
hdf5_4648_5I8NNAEX4WS_1.jpg,227,227,handbag,1.9976,74.002,227.0,224.0036
hdf5_5495_V5HHJIBMS1S_1.jpg,227,227,handbag,28.0118,53.572,192.9954,211.564
hdf5_4789_CE9NQM7X2TO_1.jpg,227,227,handbag,18.9999,53.572,223.0048,225.5699
hdf5_5195_O2H73LE8L1M_1.jpg,227,227,handbag,2.9964,88.5527,226.0012,227.0
hdf5_5509_57EZKN7X3AW_1.jpg,227,227,handbag,22.9951,10.5555,211.9953,204.5724
hdf5_5293_OCI958VE0IB_1.jpg,227,227,handbag,32.007,9.5567,208.0001,222.5508
hdf5_5413_25PQRKYG39Y_1.jpg,227,227,handbag,28.0118,71.5504,203.0061,220.5532
hdf5_5075_RXNMIKXKA9H_1.jpg,227,227,handbag,34.0046,72.5719,191.9966,227.0
hdf5_4972_LQ38GXKUWAP_1.jpg,227,227,handbag,2.9964,50.5529,227.0,224.5711
hdf5_5275_80QNHQ69QLX_1.jpg,227,227,handbag,0.0,0.0,227.0,227.0
hdf5_4820_H66AZC0BG1G_1.jpg,227,227,handbag,16.0035,93.5694,206.0025,226.5687
hdf5_5122_2KGVYKJ0W5K_1.jpg,227,227,handbag,0.0,0.0,227.0,227.0
hdf5_5571_CEJCUDK55BM_1.jpg,227,227,handbag,11.0095,30.5542,225.0024,217.5568
hdf5_5068_PNEZAAKM8OQ_1.jpg,227,227,handbag,16.0035,25.5602,209.9977,191.5653
hdf5_4719_I6FHN6KRXNO_1.jpg,227,227,handbag,32.007,71.5504,183.0074,222.5508
hdf5_5635_WPG7AYAZ2HD_1.jpg,227,227,handbag,13.0071,73.5707,209.9977,227.0
hdf5_5619_BYPVIQX062K_1.jpg,227,227,handbag,2.9964,80.5623,225.0024,227.0
hdf5_4944_AN9D1DMEPZM_1.jpg,227,227,handbag,0.0,0.0,227.0,227.0
hdf5_4867_6RKB7LDQXPN_1.jpg,227,227,handbag,7.9904,40.5649,225.0024,220.5532
hdf5_5570_W4A6QWLM82B_1.jpg,227,227,handbag,14.0059,85.5563,212.9941,227.0
hdf5_5476_FC0YB05VOXR_1.jpg,227,227,handbag,4.994,40.5649,226.0012,186.5713
hdf5_4731_LD5IZ7NBXOE_1.jpg,227,227,handbag,16.0035,32.5518,208.0001,201.5533
hdf5_5312_SOJU5IJQ7DP_1.jpg,227,227,handbag,49.0093,1.5663,227.0,215.5592
hdf5_4755_XANSUTOELSL_1.jpg,227,227,handbag,0.0,45.5589,225.0024,191.5653
hdf5_5810_X3069G8KL5O_1.jpg,227,227,handbag,29.0106,90.573,194.993,224.5711
hdf5_4985_1A0UPRV9CGI_1.jpg,227,227,handbag,1.9976,40.5649,227.0,179.557
hdf5_5125_E69X79PLQ3J_1.jpg,227,227,handbag,3.9952,21.565,226.0012,213.5616
hdf5_5141_EUXFJDCQXXQ_1.jpg,227,227,handbag,46.989,72.5719,185.005,173.5642
hdf5_5674_RR354HO14EA_1.jpg,227,227,handbag,0.0,70.5516,225.0024,227.0
hdf5_5910_2FVFVS3XDQD_1.jpg,227,227,handbag,0.0,0.0,227.0,227.0
hdf5_5361_CE5LVIQJCRP_1.jpg,227,227,handbag,2.9964,91.5718,227.0,227.0
hdf5_5557_M4UWHINL1AQ_1.jpg,227,227,handbag,2.9964,78.5647,227.0,208.5676
hdf5_5848_6ZB8QFYC16T_1.jpg,227,227,handbag,10.0107,66.5564,224.0036,227.0
hdf5_5194_5S7JQHQ5APS_1.jpg,227,227,handbag,42.9938,52.5732,192.9954,179.557
hdf5_5189_LL3ZDMXU32G_1.jpg,227,227,handbag,21.9963,84.5575,217.012,227.0
hdf5_4756_3MK6OI6R7VJ_1.jpg,227,227,handbag,40.9962,58.566,175.9931,227.0
hdf5_5135_GO52VU6F60D_1.jpg,227,227,handbag,34.0046,59.5648,227.0,219.5544
hdf5_4657_JLS5IHP1NXB_1.jpg,227,227,handbag,2.9964,76.9984,223.0048,227.0
hdf5_5165_5BSFDPF8GVI_1.jpg,227,227,handbag,19.9987,66.5564,200.0097,227.0
hdf5_5518_63EHNZVSC7Y_1.jpg,227,227,handbag,11.0095,63.56,212.9941,217.5568
hdf5_4741_DKH3FRUAUDI_1.jpg,227,227,handbag,4.994,56.5684,220.0084,221.552
hdf5_5631_K7NRF9HFGKT_1.jpg,227,227,handbag,6.9916,71.5504,221.0072,224.5711
hdf5_5889_NFBRONPTJLZ_1.jpg,227,227,handbag,26.9903,98.5634,207.0013,215.5592
hdf5_4917_J5IJDCPCCLD_1.jpg,227,227,handbag,2.9964,84.5575,158.9908,227.0
hdf5_5241_6UGM4JW68UV_1.jpg,227,227,handbag,19.9987,73.5707,203.0061,226.5687
hdf5_5922_AW1WG09OACC_1.jpg,227,227,handbag,31.0082,93.5694,203.0061,227.0
hdf5_4856_TQDWATJZ0AN_1.jpg,227,227,handbag,10.0107,76.5671,222.006,227.0
hdf5_4981_RRAZ63NGZUD_1.jpg,227,227,handbag,2.9964,32.5518,226.0012,202.5748
hdf5_4854_UG2IMKISXWM_1.jpg,227,227,handbag,5.9928,39.5661,227.0,186.5713
hdf5_5490_B2DOLD8DMOD_1.jpg,227,227,handbag,18.9999,77.5659,211.9953,213.5616
hdf5_5759_NYMBX8I45WN_1.jpg,227,227,handbag,21.9963,48.5553,212.9941,220.5532
hdf5_5133_VPLLVOUSXLL_1.jpg,227,227,handbag,31.0082,45.5589,202.0073,167.5714
hdf5_4597_GU7TGT4PYOG_1.jpg,227,227,handbag,1.9976,17.5698,227.0,183.5522
hdf5_5797_3HUXSLEPFLL_1.jpg,227,227,handbag,5.9928,43.5613,227.0,211.564
hdf5_5013_BRFAOBDAZTC_1.jpg,227,227,handbag,19.9987,62.5612,208.0001,226.5687
hdf5_5071_3T3T89695ZB_1.jpg,227,227,handbag,18.0011,68.554,208.0001,227.0
hdf5_5162_NSYW78GK4ZJ_1.jpg,227,227,handbag,2.9964,86.5551,227.0,227.0
hdf5_5400_7YWSTWMEO7B_1.jpg,227,227,handbag,0.0,0.0,227.0,227.0
hdf5_4668_8LQREQLWQ6O_1.jpg,227,227,handbag,37.001,74.5695,164.0075,206.57
hdf5_5926_NK3T5UQMJLA_1.jpg,227,227,handbag,10.0107,60.5636,215.9905,227.0
hdf5_5572_SSIDDUFIWRH_1.jpg,227,227,handbag,2.9964,99.5622,227.0,227.0
hdf5_5012_MAJL9QY6RGN_1.jpg,227,227,handbag,3.9952,59.5648,227.0,226.5687
hdf5_4783_NHT42S37RTO_1.jpg,227,227,handbag,7.9904,17.5698,227.0,204.5724
hdf5_4642_23IYK9GC8XP_1.jpg,227,227,handbag,12.0083,102.9899,217.012,220.5759
hdf5_5127_POLTBOSE37F_1.jpg,227,227,handbag,0.0,0.0,227.0,227.0
hdf5_5563_HYA9YCON7BL_1.jpg,227,227,handbag,2.9964,92.5706,227.0,215.5592
hdf5_5126_5O5UJ0MIQRX_1.jpg,227,227,handbag,4.994,48.5553,226.0012,192.5641
hdf5_5267_7QO2BA0K6TG_1.jpg,227,227,handbag,15.0047,64.5588,205.0037,222.5508
hdf5_5829_17ZGU10NAIU_1.jpg,227,227,handbag,15.0047,44.5601,212.9941,190.5665
hdf5_5272_QYGULGEH3DI_1.jpg,227,227,handbag,3.9952,58.566,227.0,227.0
hdf5_4885_YVGQPMPOT4V_1.jpg,227,227,handbag,2.9964,49.5541,227.0,227.0
hdf5_5394_KEC2R3CXFOS_1.jpg,227,227,handbag,0.0,0.0,227.0,227.0
hdf5_5217_ASME08NT63C_1.jpg,227,227,handbag,2.9964,4.5627,227.0,212.5628
hdf5_4599_0V6EGVUKXOL_1.jpg,227,227,handbag,2.9964,33.5506,226.0012,185.5725
hdf5_4618_B4QNN5JYT6F_1.jpg,227,227,handbag,0.0,110.0042,227.0,227.0
hdf5_5250_4FGYS5GHBGM_1.jpg,227,227,handbag,0.0,0.0,227.0,227.0
hdf5_5533_JDPG706IZZZ_1.jpg,227,227,handbag,0.9988,33.5506,226.0012,207.5688
hdf5_4938_D7XDH2Z4AKV_1.jpg,227,227,handbag,0.0,0.0,227.0,227.0
hdf5_5506_AFMXBQDSDZK_1.jpg,227,227,handbag,1.9976,66.5564,218.0108,227.0
hdf5_5796_55KIQXSAQ9V_1.jpg,227,227,handbag,1.9976,64.5588,225.0024,220.5532
hdf5_5549_678BHPQLY9F_1.jpg,227,227,handbag,3.9952,78.5647,227.0,227.0
hdf5_5160_MLLW40QK10O_1.jpg,227,227,handbag,56.9997,41.5637,225.0024,196.5593
hdf5_4863_MGOVK8PKLWH_1.jpg,227,227,handbag,0.0,0.0,226.0012,215.9905
hdf5_5469_6E7C7XPRNFN_1.jpg,227,227,handbag,0.0,0.0,227.0,227.0
hdf5_5822_ZZJBFKN03IL_1.jpg,227,227,handbag,7.9904,59.5648,221.0072,210.5652
hdf5_5908_VNJE29DVBTB_1.jpg,227,227,handbag,6.9916,14.5734,225.0024,213.5616
hdf5_5370_9NY31JVLE1E_1.jpg,227,227,handbag,0.0,0.0,227.0,227.0
hdf5_5774_VUOBBU1TXFE_1.jpg,227,227,handbag,0.0,0.0,227.0,227.0
hdf5_4572_0QQPENZTKLH_1.jpg,227,227,handbag,0.0,94.0007,227.0,210.9965
hdf5_4818_MBOCD3O0AZP_1.jpg,227,227,handbag,20.9975,73.5707,217.012,218.5556
hdf5_4665_ODPM6LWT9KH_1.jpg,227,227,handbag,0.0,0.0,227.0,212.9941
hdf5_5497_T62OMAWF93M_1.jpg,227,227,handbag,20.9975,52.5732,200.0097,227.0
hdf5_5027_1ANU5WXH1WL_1.jpg,227,227,handbag,43.9926,77.5659,173.9955,210.5652
hdf5_5062_31MQQHVNUPZ_1.jpg,227,227,handbag,13.0071,68.554,212.9941,227.0
hdf5_4800_74PM0HOPGJN_1.jpg,227,227,handbag,1.9976,44.5601,225.0024,203.5736
hdf5_5716_ZWQ776XJ2BH_1.jpg,227,227,handbag,12.0083,27.5578,210.9965,135.5644
hdf5_4601_7UIAHH9W4CT_1.jpg,227,227,handbag,0.0,0.0,227.0,227.0
hdf5_4928_HNMWWL2RYGU_1.jpg,227,227,handbag,1.9976,56.5684,215.9905,227.0
hdf5_4905_0JI8Q5N24WQ_1.jpg,227,227,handbag,37.9998,88.5527,187.0026,175.5618
hdf5_4761_IC3YB1JNQVK_1.jpg,227,227,handbag,42.9938,95.567,176.9919,227.0
hdf5_4881_YHZAXDQJS2M_1.jpg,227,227,handbag,8.9892,89.5742,223.0048,227.0
hdf5_5666_FGBLU9DFMRL_1.jpg,227,227,handbag,12.0083,86.5551,196.9906,221.552
hdf5_4698_951F1SMTWMB_1.jpg,227,227,handbag,2.9964,87.5539,227.0,227.0
hdf5_5928_TR03QV3OJZF_1.jpg,227,227,handbag,0.0,0.0,227.0,227.0
hdf5_5734_MOT6CQWDL2K_1.jpg,227,227,handbag,13.0071,81.5611,215.9905,225.5699
hdf5_4660_TTN62C0LG6U_1.jpg,227,227,handbag,41.995,76.5671,185.005,221.0072
hdf5_5818_BYM0H5G8O4Z_1.jpg,227,227,handbag,42.9938,84.5575,197.9894,197.5581
hdf5_5188_S0XSB9S187A_1.jpg,227,227,handbag,7.9904,41.5637,227.0,213.5616
hdf5_5585_B94D5ELRTWF_1.jpg,227,227,handbag,18.9999,42.5625,215.9905,226.5687
hdf5_5396_R7CEWD2389O_1.jpg,227,227,handbag,0.0,0.0,227.0,227.0
hdf5_5024_2S64AGU25NP_1.jpg,227,227,handbag,0.0,0.0,227.0,227.0
hdf5_5814_H0TJHGKH9HV_1.jpg,227,227,handbag,0.0,0.0,227.0,227.0
hdf5_5903_RD76UCOK0PY_1.jpg,227,227,handbag,13.0071,26.559,227.0,219.5544
hdf5_5156_6TFX1HI3EYP_1.jpg,227,227,handbag,0.0,0.0,227.0,227.0
hdf5_5461_7YV4KWMMRUW_1.jpg,227,227,handbag,6.9916,97.5646,214.9917,227.0
hdf5_5842_66WDWVPU00X_1.jpg,227,227,handbag,18.0011,56.5684,211.9953,223.5723
hdf5_5480_5KE87CGOYSF_1.jpg,227,227,handbag,0.0,0.0,227.0,227.0
hdf5_4564_5E03VM75WZF_1.jpg,227,227,handbag,1.9976,52.0057,218.0108,227.0
hdf5_5289_EWFMEZ2663K_1.jpg,227,227,handbag,5.9928,38.5673,219.0096,187.5701
hdf5_5778_PVRSXHTKBYG_1.jpg,227,227,handbag,52.0057,120.5597,186.0038,227.0
hdf5_5712_8V7B8VTZTJV_1.jpg,227,227,handbag,18.0011,68.554,189.999,226.5687
hdf5_5827_CUALIYNS1YV_1.jpg,227,227,handbag,1.9976,44.5601,227.0,227.0
hdf5_5399_BDMGWTQL23S_1.jpg,227,227,handbag,40.9962,90.573,191.9966,214.5604
hdf5_5713_DBYXLICGVFB_1.jpg,227,227,handbag,0.0,0.0,227.0,227.0
hdf5_4574_CHYFZLH9C7E_1.jpg,227,227,handbag,0.9988,69.008,223.0048,218.0108
hdf5_5554_SNME6VAFX3M_1.jpg,227,227,handbag,29.0106,91.5718,214.9917,218.5556
hdf5_5218_GK39B3494OA_1.jpg,227,227,handbag,0.0,0.0,227.0,227.0
hdf5_4671_36H93BJHTXU_1.jpg,227,227,handbag,16.0035,64.5588,209.9977,220.5532
hdf5_4605_4F2QEA5VXRB_1.jpg,227,227,handbag,0.0,116.9958,227.0,226.0012
hdf5_5253_BWM3BT2F5LB_1.jpg,227,227,handbag,8.9892,93.5694,129.0041,217.5568
hdf5_5494_G85EY4Z2L3F_1.jpg,227,227,handbag,4.994,33.5506,225.0024,208.5676
hdf5_4777_V8A9X72ADBT_1.jpg,227,227,handbag,29.0106,97.5646,213.9929,202.5748
hdf5_4794_IF3HNB0MLNV_1.jpg,227,227,handbag,4.994,11.5543,227.0,214.5604
hdf5_5367_IK6YE1Q493Z_1.jpg,227,227,handbag,1.9976,90.573,227.0,225.5699
hdf5_5885_3T4F4OI9YQV_1.jpg,227,227,handbag,62.9925,102.5586,221.0072,227.0
hdf5_5820_IMCWLYSZ51E_1.jpg,227,227,handbag,10.0107,46.5577,208.0001,206.57
hdf5_4628_GD0Z2VRTIWE_1.jpg,227,227,handbag,0.0,0.0,227.0,227.0
hdf5_5933_R09P1R5MU9M_1.jpg,227,227,handbag,4.994,12.5531,223.0048,217.5568
hdf5_5007_O8PBLSJCAXE_1.jpg,227,227,handbag,1.9976,70.5516,226.0012,223.5723
hdf5_5234_XR377GUW3SE_1.jpg,227,227,handbag,0.0,0.0,227.0,227.0
hdf5_5260_72VQPJPHVFX_1.jpg,227,227,handbag,25.9915,81.5611,204.0049,215.5592
hdf5_5849_IPXSTL85BTS_1.jpg,227,227,handbag,3.9952,47.5565,227.0,177.5594
hdf5_4841_GO1L7XO6I6J_1.jpg,227,227,handbag,5.9928,99.5622,222.006,227.0
hdf5_4763_T9X2DI2HFJF_1.jpg,227,227,handbag,4.994,40.5649,219.0096,181.5546
hdf5_5812_DN592TDCMSY_1.jpg,227,227,handbag,25.9915,3.5639,227.0,169.569
hdf5_5113_Q742P4VM2UC_1.jpg,227,227,handbag,13.0071,17.5698,208.9989,218.5556
hdf5_5722_KY00G6NXTOM_1.jpg,227,227,handbag,23.9939,82.5599,225.0024,214.5604
hdf5_4652_H2L34C61PAM_1.jpg,227,227,handbag,1.9976,69.5528,227.0,227.0
hdf5_5091_3S8RGAR0ZOB_1.jpg,227,227,handbag,29.0106,70.5516,197.9894,217.5568
hdf5_5579_HF4NC5P9NWV_1.jpg,227,227,handbag,0.0,0.0,227.0,227.0
hdf5_4747_U3GUNJJKFFU_1.jpg,227,227,handbag,20.9975,73.5707,201.0085,219.5544
hdf5_5638_45B6DJOHDKH_1.jpg,227,227,handbag,2.9964,38.5673,227.0,189.5677
hdf5_4925_ALSQICHRSLB_1.jpg,227,227,handbag,1.9976,108.5514,227.0,227.0
hdf5_5276_4620DLMTGOY_1.jpg,227,227,handbag,12.0083,86.5551,217.012,227.0
hdf5_5513_LXQ08Z0SZ4K_1.jpg,227,227,handbag,20.9975,73.5707,208.0001,226.5687
hdf5_5668_FBS7PKF96GQ_1.jpg,227,227,handbag,2.9964,98.5634,227.0,221.552
hdf5_5543_ECUD9Q9ZHAC_1.jpg,227,227,handbag,0.9988,96.5658,225.0024,227.0
hdf5_5376_S0R9CADF4XM_1.jpg,227,227,handbag,0.0,0.0,227.0,227.0
hdf5_5466_8OK5G5LQ8YK_1.jpg,227,227,handbag,39.9974,89.5742,196.9906,227.0
hdf5_5063_36KKT9SMGRG_1.jpg,227,227,handbag,13.0071,31.553,218.0108,214.5604
hdf5_5711_20GCATM5R2Z_1.jpg,227,227,handbag,21.9963,54.5708,210.9965,221.552
hdf5_5921_61LEE7IUOXX_1.jpg,227,227,handbag,12.0083,71.5504,209.9977,211.564
hdf5_4902_7D20VIXJL5E_1.jpg,227,227,handbag,18.9999,9.5567,208.9989,224.5711
hdf5_5346_RYLUHLWECEC_1.jpg,227,227,handbag,3.9952,63.56,227.0,227.0
hdf5_4596_78O2V81S05E_1.jpg,227,227,handbag,16.0035,67.5552,209.9977,215.5592
hdf5_5872_59CV160G2BB_1.jpg,227,227,handbag,0.0,0.0,227.0,227.0
hdf5_5565_2OHF36QVPCR_1.jpg,227,227,handbag,1.9976,84.5575,227.0,218.5556
hdf5_6136_T1TXIFXUGGS_1.jpg,227,227,handbag,53.0045,61.5624,206.0025,222.006
hdf5_5053_04GEVKVYJWS_1.jpg,227,227,handbag,1.9976,48.5553,225.0024,172.5654
hdf5_4655_K2ES3F2E9NK_1.jpg,227,227,handbag,1.9976,42.9938,227.0,212.9941
hdf5_5905_D3YBI9O3A0L_1.jpg,227,227,handbag,13.0071,20.5662,221.0072,205.5712
hdf5_5781_ITTTLJOOJAP_1.jpg,227,227,handbag,1.9976,33.5506,226.0012,196.5593
hdf5_5835_AKXIJANMAGK_1.jpg,227,227,handbag,11.0095,6.5603,172.9967,192.5641
hdf5_4924_SSZCNBQ44UM_1.jpg,227,227,handbag,0.0,0.0,227.0,227.0
hdf5_4737_E0OICGAVALG_1.jpg,227,227,handbag,41.995,44.5601,204.0049,182.5534
hdf5_5567_FK0NFCOD3CP_1.jpg,227,227,handbag,0.0,0.0,227.0,227.0
hdf5_4592_BBGGCO3OXCY_1.jpg,227,227,handbag,0.0,0.0,227.0,227.0
hdf5_5449_Z4EW77D15YJ_1.jpg,227,227,handbag,8.9892,119.5609,224.0036,226.5687
hdf5_5610_EP80XN34ENL_1.jpg,227,227,handbag,29.0106,91.5718,202.0073,227.0
hdf5_5034_WTE84B1FGZM_1.jpg,227,227,handbag,3.9952,65.5576,227.0,227.0
hdf5_4688_YLBGTBIDISP_1.jpg,227,227,handbag,37.001,68.554,208.9989,216.558
hdf5_5670_ARZXRP51M4M_1.jpg,227,227,handbag,0.0,0.0,227.0,227.0
hdf5_4960_X8GKXSAPGBL_1.jpg,227,227,handbag,4.994,12.5531,225.0024,221.552
hdf5_5300_EQ53IGV7U5U_1.jpg,227,227,handbag,7.9904,30.5542,209.9977,213.5616
hdf5_5475_5A5NR3DJUDU_1.jpg,227,227,handbag,0.0,0.0,227.0,227.0
hdf5_5422_SEXB7TWVUJI_1.jpg,227,227,handbag,13.0071,105.555,214.9917,224.5711
hdf5_5817_Q27RJKFYV2C_1.jpg,227,227,handbag,47.9878,109.5502,181.0098,227.0
hdf5_5139_PAEX1BLVHRS_1.jpg,227,227,handbag,20.9975,4.5627,209.9977,227.0
hdf5_5695_9SYVRJW62UC_1.jpg,227,227,handbag,36.0022,69.5528,189.999,219.5544
hdf5_4775_M36I6YCP7KL_1.jpg,227,227,handbag,2.9964,73.5707,227.0,212.5628
hdf5_5538_8EPI2XFNEEA_1.jpg,227,227,handbag,7.9904,82.5599,219.0096,212.5628
hdf5_5155_04GVLWJCYJU_1.jpg,227,227,handbag,12.0083,4.5627,221.0072,226.5687
hdf5_4790_HMETRQB2TKO_1.jpg,227,227,handbag,1.9976,79.5635,227.0,226.5687
hdf5_5452_L0TVBV1E6MD_1.jpg,227,227,handbag,49.0093,76.5671,187.0026,210.5652
hdf5_5751_TI9A3SYH31K_1.jpg,227,227,handbag,1.9976,86.5551,226.0012,227.0
hdf5_5442_IX1IAYFK2PH_1.jpg,227,227,handbag,6.9916,51.5744,222.006,189.5677
hdf5_5150_WY0SQUOCZMA_1.jpg,227,227,handbag,8.9892,77.5659,227.0,223.5723
hdf5_4997_NHLTMH4KCAW_1.jpg,227,227,handbag,3.9952,44.5601,227.0,227.0
hdf5_5613_0HQCH8CIGZN_1.jpg,227,227,handbag,16.0035,74.5695,207.0013,217.5568
hdf5_4635_WA17LTK0WJD_1.jpg,227,227,handbag,3.9952,59.5648,226.0012,177.5594
hdf5_4624_S9VNPCLH0JL_1.jpg,227,227,handbag,1.9976,42.9938,227.0,218.0108
hdf5_5261_DCE1RHHN97L_1.jpg,227,227,handbag,25.9915,70.5516,220.0084,223.5723
hdf5_5357_Q5S3FHH7O3O_1.jpg,227,227,handbag,4.994,8.5579,225.0024,214.5604
hdf5_4759_MQJBUCI1FRT_1.jpg,227,227,handbag,37.9998,75.5683,175.9931,227.0
hdf5_5478_WM9TW5X2LVM_1.jpg,227,227,handbag,0.0,0.0,227.0,227.0
hdf5_4764_KGVNS2L251S_1.jpg,227,227,handbag,0.0,0.0,227.0,227.0
hdf5_5773_I2MZQECYKHT_1.jpg,227,227,handbag,1.9976,112.5693,224.0036,223.5723
hdf5_4897_28KX72UPUFJ_1.jpg,227,227,handbag,0.0,0.0,227.0,227.0
hdf5_5176_TMGDD760LGT_1.jpg,227,227,handbag,15.0047,101.5598,205.0037,223.5723
hdf5_5417_PG6Z7AJYBLR_1.jpg,227,227,handbag,0.0,0.0,227.0,227.0
hdf5_4708_9VEQN55N5DO_1.jpg,227,227,handbag,17.0023,22.5638,200.0097,207.5688
hdf5_4568_VVWBCJZDDAZ_1.jpg,227,227,handbag,0.0,81.9924,227.0,227.0
hdf5_4653_GKBP0TGQ6VK_1.jpg,227,227,handbag,2.9964,71.0056,226.0012,225.0024
hdf5_4878_O9SECDWI5KZ_1.jpg,227,227,handbag,19.9987,64.5588,227.0,219.5544
hdf5_5718_T98NBPXKT9M_1.jpg,227,227,handbag,2.9964,100.561,227.0,221.552
hdf5_4754_AZ2TAQU4HJQ_1.jpg,227,227,handbag,2.9964,73.5707,227.0,221.552
hdf5_4939_1ZLKU26ZU1Y_1.jpg,227,227,handbag,21.9963,15.5722,200.0097,214.5604
hdf5_5205_7V7QZMEU24X_1.jpg,227,227,handbag,17.0023,34.5721,208.0001,195.5605
hdf5_4898_9GD0EPBSNCL_1.jpg,227,227,handbag,0.0,0.0,227.0,227.0
hdf5_4910_NDPGC10BQIC_1.jpg,227,227,handbag,30.0094,53.572,221.0072,223.5723
hdf5_5061_AUBX5PG2S6G_1.jpg,227,227,handbag,50.0081,69.5528,185.005,219.5544
hdf5_4904_6K716B73YZV_1.jpg,227,227,handbag,0.0,0.0,227.0,227.0
hdf5_5737_64LZ6T9LELT_1.jpg,227,227,handbag,3.9952,81.5611,227.0,227.0
hdf5_5284_BMTHEU9ES8A_1.jpg,227,227,handbag,3.9952,7.5591,225.0024,217.5568
hdf5_5210_M1UTE1RCWFG_1.jpg,227,227,handbag,25.9915,50.5529,211.9953,221.552
hdf5_5498_4WZ3H1P0PDX_1.jpg,227,227,handbag,28.0118,113.5681,193.9942,227.0
hdf5_5906_LC186RLGSEY_1.jpg,227,227,handbag,1.9976,63.56,225.0024,213.5616
hdf5_5917_SES6A50DJSK_1.jpg,227,227,handbag,17.0023,2.5651,227.0,210.5652
hdf5_5107_V92UETXM8TQ_1.jpg,227,227,handbag,3.9952,69.5528,221.0072,226.5687
hdf5_4984_LAC1YKDHHYU_1.jpg,227,227,handbag,6.9916,50.5529,227.0,200.5545
hdf5_5216_RPV6ONHYILQ_1.jpg,227,227,handbag,3.9952,19.5674,227.0,207.5688
hdf5_5224_NC2TB03EUFQ_1.jpg,227,227,handbag,0.0,0.0,227.0,227.0
hdf5_5315_KPPDNJTG6UM_1.jpg,227,227,handbag,2.9964,68.554,227.0,227.0
hdf5_5756_EVRHIIOQKYJ_1.jpg,227,227,handbag,0.9988,76.5671,222.006,225.5699
hdf5_5815_HD095UXR5LN_1.jpg,227,227,handbag,40.9962,3.5639,186.0038,227.0
hdf5_4966_GQN5WGOSWAG_1.jpg,227,227,handbag,0.0,0.0,227.0,227.0
hdf5_5598_AUSS0C61FOM_1.jpg,227,227,handbag,14.0059,97.5646,210.9965,227.0
hdf5_4893_3BN34U3SS1A_1.jpg,227,227,handbag,18.9999,59.5648,207.0013,220.5532
hdf5_4746_CUR2BWE7IKQ_1.jpg,227,227,handbag,11.0095,55.5696,222.006,211.564
hdf5_5584_DBX8CEQBGXT_1.jpg,227,227,handbag,0.0,0.0,227.0,227.0
hdf5_4817_44SMMGLT5LK_1.jpg,227,227,handbag,14.0059,67.5552,214.9917,221.552
hdf5_4773_BAE61BHISJX_1.jpg,227,227,handbag,22.9951,81.5611,204.0049,217.5568
hdf5_4739_MB111W7AT4A_1.jpg,227,227,handbag,8.9892,46.5577,221.0072,185.5725
hdf5_4803_W0JLJASNUKU_1.jpg,227,227,handbag,6.9916,52.5732,227.0,194.5617
hdf5_4721_2APYO0D3PAX_1.jpg,227,227,handbag,6.9916,29.5554,223.0048,198.5569
hdf5_4918_1ADIH83NHVY_1.jpg,227,227,handbag,26.9903,101.5598,206.0025,226.5687
hdf5_5334_GUV1Y5TFY0F_1.jpg,227,227,handbag,12.0083,35.5709,218.0108,214.5604
hdf5_4774_N86G9NJG8CD_1.jpg,227,227,handbag,2.9964,50.5529,227.0,227.0
hdf5_5095_7R8W7RSV5LC_1.jpg,227,227,handbag,0.0,0.0,227.0,227.0
hdf5_4958_JOYJ9YNIDHQ_1.jpg,227,227,handbag,35.0034,75.5683,190.9978,196.5593
hdf5_5800_GVUSWGSPH9B_1.jpg,227,227,handbag,2.9964,4.5627,223.0048,176.5606
hdf5_5258_79AUDUALTDM_1.jpg,227,227,handbag,12.0083,81.5611,211.9953,227.0
hdf5_4932_SQH77UPAXRI_1.jpg,227,227,handbag,0.0,0.0,227.0,227.0
hdf5_5676_2LI6OIUJ2ZW_1.jpg,227,227,handbag,3.9952,27.5578,227.0,200.5545
hdf5_5621_LTT63ZV3O6J_1.jpg,227,227,handbag,3.9952,40.5649,227.0,190.5665
hdf5_4842_2ILCOMHP76Y_1.jpg,227,227,handbag,17.0023,78.5647,205.0037,224.5711
hdf5_5038_0CIRYKCZWXT_1.jpg,227,227,handbag,0.0,0.0,227.0,227.0
hdf5_5502_AXROSISKXIG_1.jpg,227,227,handbag,0.0,0.0,227.0,227.0
hdf5_4712_6CPXMEQKUJY_1.jpg,227,227,handbag,7.9904,49.5541,221.0072,214.5604
hdf5_5019_D7C1M5ZTG9H_1.jpg,227,227,handbag,28.0118,96.5658,168.0027,202.5748
hdf5_5866_ZMUDMO2PSJA_1.jpg,227,227,handbag,11.0095,98.5634,223.0048,225.5699
hdf5_4931_9OO7SYQIFUP_1.jpg,227,227,handbag,51.0069,66.5564,180.011,227.0
hdf5_5609_8QMGTRYCS1X_1.jpg,227,227,handbag,26.9903,107.5526,198.9882,227.0
hdf5_5825_8RZVN8F7XSD_1.jpg,227,227,handbag,2.9964,53.572,227.0,222.5508
hdf5_5539_3BUWHOHDO2I_1.jpg,227,227,handbag,0.0,0.0,227.0,227.0
hdf5_4804_2DV8ANEEDUR_1.jpg,227,227,handbag,18.9999,54.5708,205.0037,224.5711
hdf5_5702_53CBBXF3QCV_1.jpg,227,227,handbag,0.0,0.0,227.0,227.0
hdf5_5343_NXT38HN130J_1.jpg,227,227,handbag,6.9916,49.5541,225.0024,183.5522
hdf5_4565_Q3UR9H9BANJ_1.jpg,227,227,handbag,0.0,56.0009,227.0,227.0
hdf5_5528_9ZZH9BYWFGU_1.jpg,227,227,handbag,45.9902,53.572,207.0013,222.5508
hdf5_5574_ZJ720IIEDIA_1.jpg,227,227,handbag,0.0,0.0,227.0,227.0
hdf5_4970_TY19BR9OXON_1.jpg,227,227,handbag,0.0,24.5614,227.0,208.5676
hdf5_4888_JDHQ7IXDK5M_1.jpg,227,227,handbag,2.9964,12.5531,227.0,207.5688
hdf5_4623_WCYFYONIUYL_1.jpg,227,227,handbag,18.9999,74.5695,227.0,220.5759
hdf5_5313_29GGZ4QWBOV_1.jpg,227,227,handbag,0.0,0.0,227.0,227.0
hdf5_5245_TY9NHVDH6RC_1.jpg,227,227,handbag,33.0058,7.5591,156.9932,218.5556
hdf5_5682_35X7WAFEEXB_1.jpg,227,227,handbag,24.9927,47.5565,225.0024,214.5604
hdf5_5731_X6VYH0AF8CO_1.jpg,227,227,handbag,0.0,0.0,227.0,227.0
hdf5_4567_GXUK11OM25S_1.jpg,227,227,handbag,0.0,33.0058,227.0,203.0061
hdf5_5198_CW861UAB6RH_1.jpg,227,227,handbag,10.0107,65.5576,219.0096,227.0
hdf5_4591_BOQDUW8S5DB_1.jpg,227,227,handbag,8.9892,6.5603,227.0,221.552
hdf5_5021_WWRQDXSA1FX_1.jpg,227,227,handbag,1.9976,40.5649,227.0,214.5604
hdf5_4687_W29322NFCRZ_1.jpg,227,227,handbag,33.0058,55.5696,227.0,217.5568
hdf5_5438_9SMU9O5D1AU_1.jpg,227,227,handbag,0.0,0.0,227.0,227.0
hdf5_5415_5MJBP1JWOSH_1.jpg,227,227,handbag,10.0107,17.5698,221.0072,201.5533
hdf5_5472_F9RQPCCH15K_1.jpg,227,227,handbag,45.9902,91.5718,190.9978,199.5557
hdf5_5163_ISFHY38ZAYN_1.jpg,227,227,handbag,35.0034,82.5599,204.0049,208.5676
hdf5_5673_FI1YGHKF7HR_1.jpg,227,227,handbag,16.0035,63.56,214.9917,227.0
hdf5_4658_1JSYFT52YJA_1.jpg,227,227,handbag,0.0,0.0,227.0,227.0
hdf5_4667_LPGE27112YX_1.jpg,227,227,handbag,13.0071,77.5659,214.9917,216.558
hdf5_5037_W7B61WHPCRG_1.jpg,227,227,handbag,1.9976,89.5742,227.0,221.552
hdf5_5144_NAL0FUNF12W_1.jpg,227,227,handbag,13.0071,84.5575,227.0,227.0
hdf5_5390_01HM9CC072T_1.jpg,227,227,handbag,0.0,0.0,227.0,227.0
hdf5_4610_7KM6T0ZX02R_1.jpg,227,227,handbag,3.9952,49.5541,227.0,227.0
hdf5_4767_R8LE0OS6SAN_1.jpg,227,227,handbag,33.0058,65.5576,190.9978,186.5713
hdf5_4766_LYWUWPWSEQK_1.jpg,227,227,handbag,1.9976,62.5612,227.0,181.5546
hdf5_4672_C3D2J0PTR6R_1.jpg,227,227,handbag,15.0047,58.566,215.9905,224.5484
hdf5_5923_H2TLD2RHL6T_1.jpg,227,227,handbag,8.9892,70.5516,211.9953,217.5568
hdf5_5793_X5IUD3Y1W1I_1.jpg,227,227,handbag,11.0095,5.5615,222.006,227.0
hdf5_4627_U4NUJRJC1XM_1.jpg,227,227,handbag,38.9986,22.5638,208.9989,214.5604
hdf5_5226_Y8FN6APHNOP_1.jpg,227,227,handbag,3.9952,41.5637,222.006,206.57
hdf5_5342_EAGR5LKTQEX_1.jpg,227,227,handbag,41.995,114.5669,187.0026,227.0
hdf5_4643_XNNVCG5219V_1.jpg,227,227,handbag,34.0046,73.5707,187.0026,227.0
hdf5_4738_8GI6TRSQZJQ_1.jpg,227,227,handbag,0.0,0.0,227.0,227.0
hdf5_5802_JIK4RVTGF5T_1.jpg,227,227,handbag,2.9964,83.5587,226.0012,227.0
hdf5_4884_LVB3LNUY8JX_1.jpg,227,227,handbag,6.9916,50.5529,223.0048,221.552
hdf5_5450_NAHVZU3PFPX_1.jpg,227,227,handbag,5.9928,37.5685,224.0036,191.5653
hdf5_4895_GHYCW6T3ADX_1.jpg,227,227,handbag,37.001,49.5541,196.9906,227.0
hdf5_5783_T6AKYH74ACK_1.jpg,227,227,handbag,3.9952,81.5611,224.0036,227.0
hdf5_5220_UCTVP14JC0X_1.jpg,227,227,handbag,20.9975,56.5684,206.0025,224.5711
hdf5_5595_IUPX191X50K_1.jpg,227,227,handbag,3.9952,78.5647,217.012,224.5711
hdf5_5179_11QOTQYVNQF_1.jpg,227,227,handbag,26.9903,65.5576,227.0,221.552
hdf5_5323_V5U0OUI00UJ_1.jpg,227,227,handbag,0.0,0.0,227.0,227.0
hdf5_4673_0FMFQ7J6L5R_1.jpg,227,227,handbag,0.0,87.0091,227.0,227.0
hdf5_4705_C8RL0D68MZZ_1.jpg,227,227,handbag,1.9976,59.5648,227.0,204.5724
hdf5_5114_6969YSDYWUA_1.jpg,227,227,handbag,6.9916,86.5551,227.0,227.0
hdf5_5898_O9KJSVDVEVB_1.jpg,227,227,handbag,0.0,0.0,227.0,227.0
hdf5_4779_AVLJZZP0ABN_1.jpg,227,227,handbag,18.0011,54.5708,224.0036,181.5546
hdf5_4909_O8ZOF813DBS_1.jpg,227,227,handbag,18.0011,32.5518,209.9977,207.5688
hdf5_5803_FYJV4O8EBKX_1.jpg,227,227,handbag,34.0046,93.5694,187.0026,227.0
hdf5_4638_8B0XGULP1HJ_1.jpg,227,227,handbag,2.9964,41.5637,214.9917,191.5653
hdf5_5667_9EHXPV8RGPN_1.jpg,227,227,handbag,14.0059,73.5707,196.9906,204.5724
hdf5_5051_6RIOGP641SJ_1.jpg,227,227,handbag,53.0045,78.5647,192.9954,227.0
hdf5_5294_VGJH3BO109I_1.jpg,227,227,handbag,36.0022,14.5734,195.9918,212.5628
hdf5_4768_08050IMFEKV_1.jpg,227,227,handbag,17.0023,41.5637,227.0,222.5508
hdf5_5471_BXZTVVZ40MY_1.jpg,227,227,handbag,20.9975,76.5671,209.9977,227.0
hdf5_5750_2VNT2VY61WW_1.jpg,227,227,handbag,18.9999,63.56,205.0037,194.5617
hdf5_4699_2VK2BHAS93I_1.jpg,227,227,handbag,2.9964,19.5674,219.0096,201.5533
hdf5_5927_5C1M38614RX_1.jpg,227,227,handbag,17.0023,73.5707,204.0049,222.5508
hdf5_5333_5JUE8QX40RH_1.jpg,227,227,handbag,0.0,0.0,227.0,227.0
hdf5_4965_UNNST3DCROU_1.jpg,227,227,handbag,11.0095,2.5651,217.012,227.0
hdf5_5167_HJ6117NK3WQ_1.jpg,227,227,handbag,5.9928,74.5695,227.0,225.5699
hdf5_4865_A6WBOASNM9L_1.jpg,227,227,handbag,2.9964,88.5527,227.0,219.5544
hdf5_5184_7FOX8NLVHYD_1.jpg,227,227,handbag,33.0058,3.5639,192.9954,224.5711
hdf5_5223_00KUW8U601S_1.jpg,227,227,handbag,13.0071,73.5707,219.0096,227.0
hdf5_5426_MBBUMD7RSYD_1.jpg,227,227,handbag,0.0,0.0,227.0,227.0
hdf5_5686_KYVGEYRJXCJ_1.jpg,227,227,handbag,0.0,0.0,227.0,227.0
hdf5_5397_TFKQ9ZELOAJ_1.jpg,227,227,handbag,33.0058,72.5719,180.011,226.5687
hdf5_5519_G3RKXGPGWAJ_1.jpg,227,227,handbag,0.0,0.0,227.0,227.0
hdf5_4961_N9X7W4JO6ZL_1.jpg,227,227,handbag,7.9904,50.5529,227.0,176.5606
hdf5_5639_EV3V78NFRKX_1.jpg,227,227,handbag,0.0,0.0,227.0,227.0
hdf5_5140_CTYP5BHEG8N_1.jpg,227,227,handbag,7.9904,94.5682,225.0024,227.0
hdf5_5467_4JLLKK47M9A_1.jpg,227,227,handbag,26.9903,50.5529,194.993,223.5723
hdf5_5788_SUAQB886LJX_1.jpg,227,227,handbag,5.9928,117.5633,225.0024,227.0
hdf5_4809_U0ZXU3UYP2T_1.jpg,227,227,handbag,22.9951,38.5673,210.9965,223.5723
hdf5_5110_NGJ5P6KK66P_1.jpg,227,227,handbag,3.9952,31.553,227.0,194.5617
hdf5_4812_M3BL6DCQD7A_1.jpg,227,227,handbag,12.0083,59.5648,212.9941,225.5699
hdf5_5191_2BTDGUYPYMU_1.jpg,227,227,handbag,13.0071,86.5551,221.0072,226.5687
hdf5_4959_WGTPNXV1ZQH_1.jpg,227,227,handbag,2.9964,73.5707,227.0,214.5604
hdf5_5331_A31GIGCHOJH_1.jpg,227,227,handbag,0.0,0.0,227.0,227.0
hdf5_5429_T77OYMIDOVI_1.jpg,227,227,handbag,5.9928,11.5543,219.0096,218.5556
hdf5_4894_XM69Y9Q5OPQ_1.jpg,227,227,handbag,15.0047,2.5651,220.0084,225.5699
hdf5_4735_63FYJJBXZRR_1.jpg,227,227,handbag,11.0095,11.5543,218.0108,207.5688
hdf5_4717_PMNLWTFVMMV_1.jpg,227,227,handbag,0.0,0.0,227.0,227.0
hdf5_5512_PE8NH0IJ02X_1.jpg,227,227,handbag,3.9952,95.567,227.0,227.0
hdf5_4584_QVOZH6RTMHW_1.jpg,227,227,handbag,26.9903,91.5718,190.9978,218.5783
hdf5_5347_UYOM75VCO7B_1.jpg,227,227,handbag,0.0,0.0,227.0,227.0
hdf5_5058_PL47ME0K08W_1.jpg,227,227,handbag,2.9964,38.5673,227.0,221.552
hdf5_4876_3VDSV1HCGAV_1.jpg,227,227,handbag,0.9988,35.5709,213.9929,199.5557
hdf5_5522_WTGCY2ELFUL_1.jpg,227,227,handbag,1.9976,70.5516,222.006,227.0
hdf5_5382_NJ8MDJ6A0JL_1.jpg,227,227,handbag,37.001,86.5551,189.0002,226.5687
hdf5_5714_O0EG86OGWHF_1.jpg,227,227,handbag,25.9915,95.567,205.0037,227.0
hdf5_5081_QVSAVL17MLY_1.jpg,227,227,handbag,2.9964,74.5695,227.0,227.0
hdf5_4872_QAQE0JPIISG_1.jpg,227,227,handbag,8.9892,48.5553,222.006,192.5641
hdf5_4729_6CB4DKEJMJT_1.jpg,227,227,handbag,12.0083,23.5626,218.0108,165.5738
hdf5_5380_282ECEB5VVX_1.jpg,227,227,handbag,14.0059,3.5639,215.9905,194.5617
hdf5_5304_6P92MBP0LRF_1.jpg,227,227,handbag,6.9916,16.571,201.0085,183.5522
hdf5_4989_1N7290D520K_1.jpg,227,227,handbag,26.9903,55.5696,211.9953,220.5532
hdf5_5089_M0ET6E1HPSU_1.jpg,227,227,handbag,5.9928,18.5686,227.0,220.5532
hdf5_5389_BI60H9WWSBS_1.jpg,227,227,handbag,0.9988,56.5684,223.0048,214.5604
hdf5_4694_I62XC6AGSUP_1.jpg,227,227,handbag,2.9964,43.5613,227.0,181.5546
hdf5_5000_T219LW4SP4J_1.jpg,227,227,handbag,5.9928,71.5504,221.0072,227.0
hdf5_4691_NM7165KEXFC_1.jpg,227,227,handbag,0.9988,61.5624,227.0,224.5711
hdf5_5070_90W3IZ1X6CJ_1.jpg,227,227,handbag,0.0,0.0,227.0,227.0
hdf5_5514_Y1NSAZ7KL4Y_1.jpg,227,227,handbag,70.0068,31.553,203.0061,216.558
hdf5_5896_NN4QKYE6OVO_1.jpg,227,227,handbag,0.0,0.0,227.0,227.0
hdf5_5672_IXCD0DYRTIH_1.jpg,227,227,handbag,3.9952,6.5603,227.0,222.5508
hdf5_5627_TRC4FHIP1DT_1.jpg,227,227,handbag,13.0071,6.5603,205.0037,227.0
hdf5_5931_9C4NS5N9GZA_1.jpg,227,227,handbag,3.9952,40.5649,227.0,227.0
hdf5_5707_X2I6C6OVLOR_1.jpg,227,227,handbag,24.9927,61.5624,211.9953,194.5617
hdf5_5754_47NQTG49SGP_1.jpg,227,227,handbag,6.9916,18.5686,226.0012,205.5712
hdf5_5873_VIULDRNFPEQ_1.jpg,227,227,handbag,0.0,0.0,227.0,227.0
hdf5_5309_OZKLECR3QLP_1.jpg,227,227,handbag,24.9927,2.5651,210.9965,225.5699
hdf5_5840_7ICTO4TOYAX_1.jpg,227,227,handbag,1.9976,97.5646,154.9956,222.5508
hdf5_5100_FYQYMV01L5S_1.jpg,227,227,handbag,2.9964,21.565,221.0072,193.5629
hdf5_5318_SLUKXZZ1XQK_1.jpg,227,227,handbag,3.9952,93.5694,227.0,227.0
hdf5_5349_ECEPKBCJ88M_1.jpg,227,227,handbag,0.0,0.0,227.0,227.0
hdf5_5238_UBFNYV6NFTG_1.jpg,227,227,handbag,1.9976,34.5721,227.0,226.5687
hdf5_5893_U1KL65SC2QK_1.jpg,227,227,handbag,37.9998,79.5635,182.0086,227.0
hdf5_5387_1EPZUXWMEHM_1.jpg,227,227,handbag,0.0,0.0,227.0,227.0
hdf5_4919_9847V0AK46A_1.jpg,227,227,handbag,12.0083,58.566,215.9905,227.0
hdf5_5185_2FZ4RROWYAP_1.jpg,227,227,handbag,17.0023,4.5627,221.0072,224.5711
hdf5_4891_D6PYH6YH7CN_1.jpg,227,227,handbag,24.9927,40.5649,208.0001,196.5593
hdf5_4561_7KLCDQ4ZVNG_1.jpg,227,227,handbag,40.9962,3.9952,226.0012,213.9929
hdf5_4666_FPT00EN9WGR_1.jpg,227,227,handbag,1.9976,34.5721,195.9918,215.5592
hdf5_4626_S34SB3ZFL0G_1.jpg,227,227,handbag,0.0,0.0,227.0,227.0
hdf5_5055_7XPCQF1YN2J_1.jpg,227,227,handbag,11.0095,66.5564,214.9917,226.5687
hdf5_4828_XHDXPREV7CE_1.jpg,227,227,handbag,3.9952,27.5578,227.0,203.5736
hdf5_5028_BU2DUEF4M2U_1.jpg,227,227,handbag,26.9903,57.5672,201.0085,227.0
hdf5_4951_ISPN40RZZKO_1.jpg,227,227,handbag,1.9976,11.5543,227.0,220.5532
hdf5_4566_Z4YRE494UQS_1.jpg,227,227,handbag,29.0106,23.9939,220.0084,224.0036
hdf5_5431_ZOSQVWCDCNG_1.jpg,227,227,handbag,0.0,0.0,227.0,227.0
hdf5_4742_M8VW6XGXQLU_1.jpg,227,227,handbag,28.0118,56.5684,211.9953,193.5629
hdf5_4956_5BNIOEO83QS_1.jpg,227,227,handbag,2.9964,103.5574,220.0084,222.5508
hdf5_5035_S5R4NA4XFOO_1.jpg,227,227,handbag,2.9964,64.5588,227.0,200.5545
hdf5_4701_RHEHMRMA0EM_1.jpg,227,227,handbag,22.9951,44.5601,218.0108,221.552
hdf5_5425_VRKY1VKA5AE_1.jpg,227,227,handbag,0.0,0.0,227.0,227.0
hdf5_4835_49O6LFCCAUI_1.jpg,227,227,handbag,23.9939,55.5696,205.0037,206.57
hdf5_5308_JU6RQMP63FU_1.jpg,227,227,handbag,28.0118,4.5627,215.9905,226.5687
hdf5_5440_BVAEZNLL0KN_1.jpg,227,227,handbag,32.007,97.5646,197.9894,222.5508
hdf5_4994_ABFNT0UD5BZ_1.jpg,227,227,handbag,1.9976,71.5504,227.0,226.5687
hdf5_4646_2W2GQ5NX5YR_1.jpg,227,227,handbag,18.0011,92.5706,205.0037,216.558
hdf5_5286_3E6W0HE2ALT_1.jpg,227,227,handbag,7.9904,6.5603,220.0084,224.5711
hdf5_5372_KAN3EYXPEOH_1.jpg,227,227,handbag,43.9926,68.554,204.0049,219.5544
hdf5_5204_UQR5RQO5U7X_1.jpg,227,227,handbag,17.0023,69.5528,210.9965,221.552
hdf5_4834_0FUU5BPNKHU_1.jpg,227,227,handbag,37.9998,73.5707,195.9918,222.5508
hdf5_5876_GPBTNBYN7DG_1.jpg,227,227,handbag,2.9964,70.5516,209.9977,227.0
hdf5_5850_UL7D2GZIN7A_1.jpg,227,227,handbag,3.9952,70.5516,227.0,227.0
hdf5_5487_I89NVL5H3LI_1.jpg,227,227,handbag,7.9904,67.5552,226.0012,215.5592
hdf5_5285_HPADQ87E3KE_1.jpg,227,227,handbag,0.9988,87.5539,227.0,216.558
hdf5_5515_R5E53LDYRGW_1.jpg,227,227,handbag,0.0,0.0,227.0,227.0
hdf5_5640_4RZQVN7G2QE_1.jpg,227,227,handbag,1.9976,76.5671,226.0012,227.0
hdf5_5689_OEIIED8JO4Z_1.jpg,227,227,handbag,40.9962,85.5563,217.012,208.5676
hdf5_4936_LZ6VDNKHGZZ_1.jpg,227,227,handbag,22.9951,76.5671,208.9989,227.0
hdf5_5119_S8JVFF10ZFM_1.jpg,227,227,handbag,1.9976,15.5722,179.0122,203.5736
hdf5_5590_OL5R35K868H_1.jpg,227,227,handbag,0.0,0.0,227.0,227.0
hdf5_5764_CXU8L3734IZ_1.jpg,227,227,handbag,1.9976,52.5732,227.0,215.5592
hdf5_4640_PZ66BR88Z3R_1.jpg,227,227,handbag,5.9928,56.9997,227.0,227.0
hdf5_5079_J1R61X0K0RK_1.jpg,227,227,handbag,1.9976,69.5528,227.0,227.0
hdf5_5836_NGU86PR8MZH_1.jpg,227,227,handbag,23.9939,81.5611,198.9882,224.5711
hdf5_5377_98J3IN1IOKW_1.jpg,227,227,handbag,2.9964,73.5707,227.0,222.5508
hdf5_5700_VS54T0SMRJL_1.jpg,227,227,handbag,10.0107,0.5675,218.0108,218.5556
hdf5_5033_1W6M7RBHG3X_1.jpg,227,227,handbag,0.0,0.0,227.0,227.0
hdf5_5338_C102JBDN5FG_1.jpg,227,227,handbag,7.9904,66.5564,214.9917,227.0
hdf5_4979_GMQEVNNIDFK_1.jpg,227,227,handbag,5.9928,94.5682,225.0024,227.0
hdf5_4594_SCOO8YA2R2D_1.jpg,227,227,handbag,11.9856,30.5542,213.9929,190.5665
hdf5_5278_47BV3G7CRIV_1.jpg,227,227,handbag,19.9987,61.5624,207.0013,225.5699
hdf5_5501_OKZ6CURRGTK_1.jpg,227,227,handbag,0.0,0.0,227.0,227.0
hdf5_5246_CNZHJED5BMB_1.jpg,227,227,handbag,5.9928,90.573,215.9905,224.5711
hdf5_5247_3BK1YGGMNWZ_1.jpg,227,227,handbag,2.9964,86.5551,227.0,227.0
hdf5_5909_U807LYSP8SU_1.jpg,227,227,handbag,2.9964,20.5662,220.0084,225.5699
hdf5_5601_GFYIXPVGZRQ_1.jpg,227,227,handbag,21.9963,121.5585,208.9989,227.0
hdf5_5544_MXQ67WRM3LO_1.jpg,227,227,handbag,1.9976,71.5504,225.0024,225.5699
hdf5_5630_KFFCTF0VU6H_1.jpg,227,227,handbag,2.9964,45.5589,225.0024,195.5605
hdf5_5039_LK0YWQPVCTO_1.jpg,227,227,handbag,0.0,0.0,227.0,227.0
hdf5_5545_SLW6W3I2BPU_1.jpg,227,227,handbag,18.0011,72.5719,208.0001,227.0
hdf5_4978_VXLJGOHGBQO_1.jpg,227,227,handbag,3.9952,80.5623,227.0,227.0
hdf5_5583_BFSOV5SXNJV_1.jpg,227,227,handbag,37.001,91.5718,192.9954,204.5724
hdf5_5600_1CT3TQV0HTG_1.jpg,227,227,handbag,24.9927,100.561,200.0097,227.0
hdf5_5168_5WTB7PQQEKA_1.jpg,227,227,handbag,2.9964,57.5672,227.0,218.5556
hdf5_4974_XX01EQDPI4W_1.jpg,227,227,handbag,36.0022,133.5668,187.0026,227.0
hdf5_4607_67YEM2UMJPK_1.jpg,227,227,handbag,8.9892,74.5468,212.9941,182.5761
hdf5_5190_Q8CHCDW03SL_1.jpg,227,227,handbag,1.9976,73.5707,227.0,227.0
hdf5_4654_OBUZ2QRNXNL_1.jpg,227,227,handbag,0.0,0.0,227.0,227.0
hdf5_4907_XALI3UMECNZ_1.jpg,227,227,handbag,2.9964,63.56,227.0,225.5699
hdf5_5742_DND37P10TMR_1.jpg,227,227,handbag,18.0011,51.5744,200.0097,225.5699
hdf5_4992_H1NUUBP73AD_1.jpg,227,227,handbag,43.9926,68.554,182.0086,213.5616
hdf5_5852_S68EY061VTL_1.jpg,227,227,handbag,0.0,0.0,227.0,227.0
hdf5_4967_C1P10OUPIGD_1.jpg,227,227,handbag,4.994,91.5718,227.0,222.5508
hdf5_4679_CYHTKBKD88F_1.jpg,227,227,handbag,0.0,0.0,227.0,227.0
hdf5_5040_CBCJLXRNJJY_1.jpg,227,227,handbag,25.9915,5.5615,205.0037,198.5569
hdf5_5819_ZJOAKLCARRM_1.jpg,227,227,handbag,10.0107,72.5719,217.012,206.57
hdf5_4840_YDDOAU7Y1IS_1.jpg,227,227,handbag,11.0095,75.5683,210.9965,226.5687
hdf5_5936_SUFK92WP9XN_1.jpg,227,227,handbag,10.0107,1.5663,208.9989,204.5724
hdf5_5845_1A86PWYYZ8M_1.jpg,227,227,handbag,7.9904,69.5528,226.0012,223.5723
hdf5_5129_F2MLP7U5YXV_1.jpg,227,227,handbag,14.0059,63.56,208.9989,227.0
hdf5_5427_RAH532M6VKL_1.jpg,227,227,handbag,6.9916,65.5576,223.0048,225.5699
hdf5_4942_N06SC2KYFKB_1.jpg,227,227,handbag,3.9952,34.5721,208.9989,190.5665
hdf5_4808_WFMX9IK9S5B_1.jpg,227,227,handbag,4.994,62.5612,227.0,225.5699
hdf5_4760_4G2EUM93O9U_1.jpg,227,227,handbag,16.0035,73.5707,218.0108,225.5699
hdf5_4576_AV0OVI4MASK_1.jpg,227,227,handbag,0.0,60.9949,227.0,224.0036
hdf5_4693_L5QHNQF3N5G_1.jpg,227,227,handbag,45.9902,47.5565,180.011,227.0
hdf5_4860_MV86QBR7VES_1.jpg,227,227,handbag,0.0,0.0,227.0,227.0
hdf5_5465_BVU53MJJOVD_1.jpg,227,227,handbag,10.0107,88.5527,222.006,227.0
hdf5_5257_Q1CWOAC98RW_1.jpg,227,227,handbag,4.994,39.5661,225.0024,198.5569
hdf5_5348_8EIL5BMA69A_1.jpg,227,227,handbag,13.0071,52.5732,219.0096,194.5617
hdf5_5151_YFPZSO1XCQK_1.jpg,227,227,handbag,14.0059,86.5551,213.9929,222.5508
hdf5_4662_FCXP5T64BKN_1.jpg,227,227,handbag,1.9976,69.008,227.0,214.9917
hdf5_5736_6UOVW4QT3WE_1.jpg,227,227,handbag,19.9987,56.5684,222.006,189.5677
hdf5_4600_RRDUHV3W73C_1.jpg,227,227,handbag,4.994,94.5682,224.0036,218.5556
hdf5_4659_HM1TWTG3KLU_1.jpg,227,227,handbag,0.0,0.0,227.0,227.0
hdf5_5314_M81LAPU1V7M_1.jpg,227,227,handbag,14.0059,65.5576,219.0096,209.5664
hdf5_6137_F28PWDUKG3Z_1.jpg,227,227,handbag,7.9904,30.5542,226.0012,203.5509
hdf5_5458_27DE4HY0CQG_1.jpg,227,227,handbag,1.9976,81.5611,226.0012,227.0
hdf5_4587_ZT512YW6LVI_1.jpg,227,227,handbag,22.9951,97.5646,205.0037,227.0
hdf5_5022_4D8HJM6HSPB_1.jpg,227,227,handbag,18.9999,92.5706,211.9953,201.5533
hdf5_4920_204NCBVQBVT_1.jpg,227,227,handbag,8.9892,64.5588,226.0012,227.0
hdf5_4661_1A167CPNWME_1.jpg,227,227,handbag,2.9964,92.5706,227.0,227.0
hdf5_4975_1BAOGRH09DE_1.jpg,227,227,handbag,0.0,0.0,227.0,227.0
hdf5_5540_JMBFA14XBIQ_1.jpg,227,227,handbag,18.9999,81.5611,218.0108,216.558
hdf5_4580_QIAKBXYZ6GY_1.jpg,227,227,handbag,1.9976,83.99,226.0012,227.0
hdf5_4674_2YWABYFMR0N_1.jpg,227,227,handbag,18.0011,104.5789,206.0025,227.0
hdf5_5219_XXCY2OW63GI_1.jpg,227,227,handbag,0.0,0.0,227.0,227.0
hdf5_5178_NC624V4XGSO_1.jpg,227,227,handbag,2.9964,47.5565,227.0,185.5725
hdf5_5741_JRUNFJ9W87Y_1.jpg,227,227,handbag,35.0034,67.5552,211.9953,213.5616
hdf5_5479_J8YLI0YO8DA_1.jpg,227,227,handbag,7.9904,55.5696,212.9941,203.5736
hdf5_5046_IAGDQW7FXSI_1.jpg,227,227,handbag,39.9974,23.5626,186.0038,203.5736
hdf5_4911_DCKEQFQUH5W_1.jpg,227,227,handbag,8.9892,80.5623,213.9929,218.5556
hdf5_4887_78Z1X92U59C_1.jpg,227,227,handbag,2.9964,102.5586,222.006,225.5699
hdf5_5148_BJDA6JSE8HT_1.jpg,227,227,handbag,3.9952,24.5614,223.0048,214.5604
hdf5_4680_LDVQCVFJ1HA_1.jpg,227,227,handbag,36.0022,88.5527,193.9942,222.5508
hdf5_4570_ZE9CUCN0C4O_1.jpg,227,227,handbag,5.9928,38.5673,224.0036,179.557
hdf5_5270_FK0XD3VSUNO_1.jpg,227,227,handbag,19.9987,45.5589,227.0,211.564
hdf5_5214_EIR18362QSA_1.jpg,227,227,handbag,0.0,0.0,227.0,227.0
hdf5_5143_JMPOD6LOMQA_1.jpg,227,227,handbag,3.9952,68.554,227.0,227.0
hdf5_5252_4ZX6BOJEDZZ_1.jpg,227,227,handbag,46.989,110.5717,188.0014,227.0
hdf5_5050_Q48VGNCNVGK_1.jpg,227,227,handbag,5.9928,51.5744,226.0012,227.0
hdf5_4962_G016KG3ASSD_1.jpg,227,227,handbag,11.0095,61.5624,214.9917,215.5592
hdf5_5758_SRFOZI2EPQV_1.jpg,227,227,handbag,0.0,0.0,227.0,227.0
hdf5_4720_4H1407BX28A_1.jpg,227,227,handbag,1.9976,19.5674,227.0,209.5664
hdf5_5891_CVN54ZD4IPR_1.jpg,227,227,handbag,1.9976,104.5562,227.0,227.0
hdf5_5213_D84EGQL19PB_1.jpg,227,227,handbag,15.0047,142.556,196.9906,227.0
hdf5_5248_H637FD09PVF_1.jpg,227,227,handbag,18.9999,11.5543,208.9989,186.5713
hdf5_5005_1NZGN0YPD1S_1.jpg,227,227,handbag,14.0059,24.5614,213.9929,190.5665
hdf5_5568_7PTCUBOZS1T_1.jpg,227,227,handbag,11.0095,41.5637,215.9905,227.0
hdf5_5717_LQD0R8K6DOW_1.jpg,227,227,handbag,22.9951,54.5708,209.9977,222.5508
hdf5_4682_RO9HE2FSR6I_1.jpg,227,227,handbag,5.9928,12.5531,227.0,222.5508
hdf5_4776_ZO7OT2VFMRE_1.jpg,227,227,handbag,2.9964,86.5551,227.0,227.0
hdf5_5804_C2QTP4RPULC_1.jpg,227,227,handbag,1.9976,94.5682,227.0,223.5723
hdf5_4716_8M8FD9124VM_1.jpg,227,227,handbag,28.0118,74.5695,196.9906,227.0
hdf5_5175_IJ2WIJGOLWH_1.jpg,227,227,handbag,1.9976,34.5721,227.0,215.5592
hdf5_4825_LXFZECKB68X_1.jpg,227,227,handbag,0.0,0.0,227.0,227.0
hdf5_4670_14GB2SGTJBS_1.jpg,227,227,handbag,0.0,58.9973,227.0,227.0
hdf5_5915_Z8IQ4YD87DL_1.jpg,227,227,handbag,3.9952,56.5684,217.012,227.0
hdf5_5679_P14C07XL4TN_1.jpg,227,227,handbag,18.9999,40.5649,201.0085,192.5641
hdf5_4603_BJ2L7CT3KUW_1.jpg,227,227,handbag,34.0046,5.5615,196.9906,219.5544
hdf5_5645_6J2TJJ832EA_1.jpg,227,227,handbag,0.0,0.0,227.0,227.0
hdf5_5553_T5RVP1Q2KDF_1.jpg,227,227,handbag,40.9962,70.5516,197.9894,204.5724
hdf5_5152_190T8VNPDMJ_1.jpg,227,227,handbag,30.0094,55.5696,227.0,213.5616
hdf5_5416_ATVGD68V4CM_1.jpg,227,227,handbag,0.9988,50.5529,219.0096,222.5508
hdf5_4976_MHWSU3MOIUW_1.jpg,227,227,handbag,0.0,0.0,227.0,227.0
hdf5_4619_0ZIE3TQ2LYB_1.jpg,227,227,handbag,0.0,0.0,227.0,227.0
hdf5_5374_HXIOEP3JOYX_1.jpg,227,227,handbag,2.9964,93.5694,227.0,222.5508
hdf5_4770_ZE9DSDBGPLI_1.jpg,227,227,handbag,19.9987,76.5671,194.993,204.5724
hdf5_5755_0LD7Y9OI7ZH_1.jpg,227,227,handbag,16.0035,37.5685,197.9894,227.0
hdf5_5826_HU2TDT3BG7M_1.jpg,227,227,handbag,5.9928,60.5636,227.0,216.558
hdf5_4675_P0354PKNFIJ_1.jpg,227,227,handbag,37.001,62.5612,204.0049,222.5735
hdf5_4873_HKCIWS5E5FI_1.jpg,227,227,handbag,22.9951,7.5591,209.9977,215.5592
hdf5_5277_WG7B2RH2IKR_1.jpg,227,227,handbag,12.0083,18.5686,212.9941,212.5628
hdf5_5410_GYZYW9GUJ9R_1.jpg,227,227,handbag,2.9964,36.5697,227.0,187.5701
hdf5_5255_QX7EG3E9OWL_1.jpg,227,227,handbag,18.9999,56.5684,207.0013,216.558
hdf5_5142_XXN3Z4S7PEE_1.jpg,227,227,handbag,4.994,66.5564,222.006,227.0
hdf5_5273_XTOBA4VITZQ_1.jpg,227,227,handbag,0.0,0.0,227.0,227.0
hdf5_5500_OWYXMAS1FEY_1.jpg,227,227,handbag,28.0118,85.5563,195.9918,227.0
hdf5_5720_EJEL615M99F_1.jpg,227,227,handbag,1.9976,66.5564,227.0,215.5592
hdf5_5166_MLRKN07DC6C_1.jpg,227,227,handbag,7.9904,80.5623,225.0024,227.0
hdf5_5233_0WCCB7GYVHC_1.jpg,227,227,handbag,6.9916,51.5744,220.0084,226.5687
hdf5_5488_8I70EAVY4IX_1.jpg,227,227,handbag,3.9952,83.5587,227.0,223.5723
hdf5_5935_G5N8K672K8V_1.jpg,227,227,handbag,8.9892,11.5543,206.0025,185.5725
hdf5_4798_TPK84802XWM_1.jpg,227,227,handbag,11.0095,95.567,208.0001,227.0
hdf5_5541_67F6QDTPKMY_1.jpg,227,227,handbag,2.9964,72.5719,221.0072,222.5508
hdf5_5688_Z8AMIK2RYNR_1.jpg,227,227,handbag,25.9915,75.5683,208.0001,227.0
hdf5_4849_80ZEOUGCZAI_1.jpg,227,227,handbag,0.0,0.0,227.0,227.0
hdf5_5858_5YP0EJYUDLZ_1.jpg,227,227,handbag,15.0047,0.0,223.0048,184.551
hdf5_5340_CLL15D7UKYQ_1.jpg,227,227,handbag,0.0,0.0,227.0,227.0
hdf5_5316_3TFFL0EVYEC_1.jpg,227,227,handbag,59.9961,34.5721,227.0,182.5534
hdf5_5086_OZGYJM5XS4Y_1.jpg,227,227,handbag,6.9916,9.5567,219.0096,217.5568
hdf5_5507_WNJU6H13V2H_1.jpg,227,227,handbag,3.9952,80.5623,227.0,225.5699
hdf5_4748_FK18ZEK8RRP_1.jpg,227,227,handbag,39.9974,112.5693,183.0074,216.558
hdf5_5445_SKJ4024EB9J_1.jpg,227,227,handbag,12.0083,57.5672,214.9917,211.564
hdf5_5651_E0E70YAKZQW_1.jpg,227,227,handbag,0.0,0.0,227.0,227.0
hdf5_5406_PSW2SVEI81A_1.jpg,227,227,handbag,14.0059,85.5563,221.0072,213.5616
hdf5_4998_8T588757B1C_1.jpg,227,227,handbag,0.0,0.0,227.0,227.0
hdf5_5132_KI00PF9RSFS_1.jpg,227,227,handbag,15.0047,117.5633,215.9905,218.5556
hdf5_5675_I5UC62RNYAN_1.jpg,227,227,handbag,10.0107,18.5686,226.0012,204.5724
hdf5_5177_NUTMG5FWR3X_1.jpg,227,227,handbag,0.0,0.0,227.0,227.0
hdf5_4922_KC2EENZ9TYJ_1.jpg,227,227,handbag,2.9964,30.5542,227.0,201.5533
hdf5_5381_00FFI7ZGWRS_1.jpg,227,227,handbag,0.0,0.0,227.0,227.0
hdf5_5222_EU71ZKK68OU_1.jpg,227,227,handbag,14.0059,55.5696,221.0072,226.5687
hdf5_5832_S8KK8Y0D3CX_1.jpg,227,227,handbag,4.994,37.5685,214.9917,198.5569
hdf5_4700_AXLK659WX4E_1.jpg,227,227,handbag,1.9976,43.5613,227.0,186.5713
hdf5_5072_IAKS2WDYFTS_1.jpg,227,227,handbag,7.9904,85.5563,217.012,227.0
hdf5_4684_M9ILFXUFTER_1.jpg,227,227,handbag,69.008,133.5668,171.9979,226.5687
hdf5_5112_IA07W3L3QWV_1.jpg,227,227,handbag,2.9964,85.5563,227.0,227.0
hdf5_4838_4NVPBU6GKVV_1.jpg,227,227,handbag,21.9963,87.5539,227.0,226.5687
hdf5_5090_TRKSYWOACPI_1.jpg,227,227,handbag,3.9952,31.553,223.0048,215.5592
hdf5_5080_67LQRCOSNFE_1.jpg,227,227,handbag,0.0,0.0,227.0,227.0
hdf5_4588_AEO035JZGUW_1.jpg,227,227,handbag,6.9916,89.5515,217.012,227.0
hdf5_4636_7HLXB1GBJRF_1.jpg,227,227,handbag,12.0083,61.5624,213.9929,223.5496
hdf5_5799_KNHES03Y9TT_1.jpg,227,227,handbag,1.9976,53.572,227.0,227.0
hdf5_4797_F4TORPD5KFB_1.jpg,227,227,handbag,21.9963,68.554,213.9929,216.558
hdf5_5623_A1JG0RB353O_1.jpg,227,227,handbag,3.9952,61.5624,217.012,226.5687
hdf5_5202_WQEXIU7CASC_1.jpg,227,227,handbag,3.9952,25.5602,227.0,204.5724
hdf5_5862_LYYNO561QHQ_1.jpg,227,227,handbag,0.9988,67.5552,227.0,227.0
hdf5_5170_8PY3UGZUUBJ_1.jpg,227,227,handbag,18.0011,45.5589,215.9905,210.5652
hdf5_5728_VYQ1L2UWDNX_1.jpg,227,227,handbag,6.9916,6.5603,220.0084,208.5676
