filename,width,height,class,xmin,ymin,xmax,ymax
ZZMZOYZF00T_1.jpg,784,784,handbag,76.9888,185.5728,724.9648,683.5696
hdf5_4609_1TCDXNL320T_1.jpg,227,227,handbag,33.0058,93.5694,194.993,227.0
443QPUTGZ6F_1.jpg,588,588,handbag,20.9916,210.5628,576.0048,588.0
hdf5_4645_KE34KQJGCFZ_1.jpg,227,227,handbag,36.0022,94.5682,192.9954,226.0012
6YG40O8J9VC_1.jpg,1016,763,handbag,201.9808,247.5935,669.9504,649.5419
T0H24YNCHYI_1.jpg,980,980,handbag,127.988,349.566,853.972,935.606
hdf5_5510_ZC2IPM16AOC_1.jpg,227,227,handbag,20.9975,75.5683,189.999,219.5544
V8GVZB7XV7R_1.jpg,193,479,handbag,0.0,178.2359,122.1111,290.1303
NQBDMOAEV6O_1.jpg,882,1323,handbag,24.9606,444.528,722.9754,1039.6134
hdf5_4564_5E03VM75WZF_1.jpg,227,227,handbag,1.9976,52.0057,218.0108,227.0
0V7ZLZ60M5Y_1.jpg,736,470,handbag,6.992,11.562,727.0208,453.55
CWWL9X3H52G_1.jpg,2352,2352,handbag,48.9216,741.5856,2215.1136,2279.5584
NP3TZ7LIETU_1.jpg,471,353,handbag,8.8548,12.3197,453.3375,344.7398
YDRGBZCSVAY_1.jpg,333,265,handbag,42.9903,66.568,323.01,234.5515
AH1LVU5VGBQ_1.jpg,1059,1411,handbag,52.95,626.6251,998.9547,1199.6322
hdf5_5129_F2MLP7U5YXV_1.jpg,227,227,handbag,14.0059,63.56,208.9989,227.0
T58VVU4FP1G_1.jpg,2352,2352,handbag,189.1008,426.888,2298.1392,1894.7712
HPSN9R13YSD_1.jpg,1176,1176,handbag,81.9672,467.5776,1102.0296,1139.544
hdf5_5387_1EPZUXWMEHM_1.jpg,227,227,handbag,0.0,0.0,227.0,227.0
G76WITEE43O_1.jpg,766,784,handbag,445.9652,201.5664,749.9906,485.5312
USIJDYUFMEG_1.jpg,588,588,handbag,8.82,105.4284,556.6596,484.6884
ZB7F3QJF5VE_1.jpg,621,828,handbag,5.8995,274.896,603.3636,760.932
hdf5_4638_8B0XGULP1HJ_1.jpg,227,227,handbag,2.9964,41.5637,214.9917,191.5653
hdf5_4627_U4NUJRJC1XM_1.jpg,227,227,handbag,38.9986,22.5638,208.9989,214.5604
Q0T8EA40KDQ_1.jpg,721,741,handbag,75.9934,169.5408,703.9844,597.5424
hdf5_4802_6CHJ968DLCX_1.jpg,227,227,handbag,16.0035,83.5587,214.9917,227.0
PIJIFCB3PWM_1.jpg,392,588,handbag,3.9984,202.566,392.0,579.5328
RT2GIU57EWZ_1.jpg,588,588,handbag,103.0176,201.5664,477.9852,588.0
hdf5_4871_PGWRRTOTI6O_1.jpg,227,227,handbag,0.0,0.0,227.0,227.0
SPH6M3V2WTM_1.jpg,775,790,handbag,96.0225,153.576,315.9675,351.55
683MNGWH8UD_1.jpg,441,461,handbag,153.8649,232.0213,334.1898,401.7154
9FXQ6SZZYYL_1.jpg,294,392,handbag,4.9098,76.9888,294.0,318.0688
35YXJZ8TZBO_1.jpg,686,411,handbag,256.9756,153.5496,647.9956,379.5585
hdf5_5227_24FEKQ5RLIP_1.jpg,227,227,handbag,16.0035,63.56,214.9917,223.5723
YLBAIK34F4T_1.jpg,527,789,handbag,2.0026,261.5535,527.0,701.5788
O86Q1MRHJAG_1.jpg,849,1363,handbag,575.9616,719.5277,789.9945,1001.5324
hdf5_4818_MBOCD3O0AZP_1.jpg,227,227,handbag,20.9975,73.5707,217.012,218.5556
C94BHJPT2ZW_1.jpg,721,721,handbag,5.9122,168.0651,716.0972,685.3105
hdf5_5500_OWYXMAS1FEY_1.jpg,227,227,handbag,28.0118,85.5563,195.9918,227.0
hdf5_5434_7CAWTUIHOYI_1.jpg,227,227,handbag,0.0,0.0,227.0,227.0
hdf5_5050_Q48VGNCNVGK_1.jpg,227,227,handbag,5.9928,51.5744,226.0012,227.0
hdf5_4747_U3GUNJJKFFU_1.jpg,227,227,handbag,20.9975,73.5707,201.0085,219.5544
hdf5_5072_IAKS2WDYFTS_1.jpg,227,227,handbag,7.9904,85.5563,217.012,227.0
hdf5_5253_BWM3BT2F5LB_1.jpg,227,227,handbag,8.9892,93.5694,129.0041,217.5568
hdf5_4767_R8LE0OS6SAN_1.jpg,227,227,handbag,33.0058,65.5576,190.9978,186.5713
DA2B5UJAXAX_1.jpg,588,588,handbag,24.99,178.5756,543.018,588.0
hdf5_5433_H7KJM3AGGDC_1.jpg,227,227,handbag,4.994,42.5625,220.0084,209.5664
7FYBM6C524C_1.jpg,553,553,handbag,44.0188,142.5634,465.0177,549.5714
hdf5_5001_MFGOHRK417G_1.jpg,227,227,handbag,2.9964,30.5542,227.0,185.5725
hdf5_5219_XXCY2OW63GI_1.jpg,227,227,handbag,0.0,0.0,227.0,227.0
hdf5_5112_IA07W3L3QWV_1.jpg,227,227,handbag,2.9964,85.5563,227.0,227.0
hdf5_4670_14GB2SGTJBS_1.jpg,227,227,handbag,0.0,58.9973,227.0,227.0
hdf5_4861_CQHGSJ2AV2J_1.jpg,227,227,handbag,3.9952,90.573,227.0,227.0
hdf5_4573_GKTQ9B3281L_1.jpg,227,227,handbag,7.9904,87.0091,215.9905,221.0072
hdf5_5507_WNJU6H13V2H_1.jpg,227,227,handbag,3.9952,80.5623,227.0,225.5699
hdf5_5509_57EZKN7X3AW_1.jpg,227,227,handbag,22.9951,10.5555,211.9953,204.5724
OQ5CBAFYAAQ_1.jpg,1007,1274,handbag,50.0479,500.5546,886.9656,1191.5722
hdf5_4672_C3D2J0PTR6R_1.jpg,227,227,handbag,15.0047,58.566,215.9905,224.5484
L5RVRPKQT5F_1.jpg,396,595,handbag,18.018,60.571,368.9928,282.5655
O2E8D47SRUU_1.jpg,686,686,handbag,133.9758,367.5588,523.0064,686.0
hdf5_5443_OHQ5YBTD9AI_1.jpg,227,227,handbag,0.0,0.0,227.0,227.0
8ZR605020YD_1.jpg,1470,1470,handbag,3.969,151.557,1470.0,1470.0
hdf5_4974_XX01EQDPI4W_1.jpg,227,227,handbag,36.0022,133.5668,187.0026,227.0
009MK7NOGPD_1.jpg,784,784,handbag,28.3808,203.3696,747.7792,635.5888
GMGQQLTJ2NZ_1.jpg,721,1030,handbag,25.0187,491.516,574.9975,987.564
C76H2K32J1X_1.jpg,637,637,handbag,10.7653,97.5884,634.0698,542.4692
3NB14R44PPG_1.jpg,590,572,handbag,3.894,80.9952,588.053,414.5856
6A8M0E4NY0G_1.jpg,1568,1675,handbag,248.9984,418.5825,1436.9152,1469.645
IHIRPD1U98H_1.jpg,1176,1176,handbag,79.38,200.508,1057.4592,1117.788
ZMQFG03Z45Z_1.jpg,490,490,handbag,6.86,53.459,488.04,478.779
hdf5_4769_77R05C0YJ9N_1.jpg,227,227,handbag,47.9878,4.5627,186.0038,227.0
hdf5_5147_YPHC98MX1AE_1.jpg,227,227,handbag,33.0058,43.5613,206.0025,186.5713
4IGBPODP7FT_1.jpg,588,784,handbag,48.9804,404.3088,579.18,784.0
DYUJC3UC3JQ_1.jpg,368,490,handbag,11.0032,165.571,362.9952,485.541
VQERM2DU2AW_1.jpg,457,351,handbag,0.0,0.0,457.0,351.0
GUV29INJI2J_1.jpg,948,775,handbag,545.1,517.545,919.56,774.535
UB3U9HBZT8E_1.jpg,2763,2160,handbag,35.3664,79.92,2723.7654,2140.992
hdf5_5326_E4MXE95QUTG_1.jpg,227,227,handbag,25.9915,79.5635,204.0049,224.5711
OFBOVFU36PP_1.jpg,588,441,handbag,453.9948,305.5689,573.006,411.5412
hdf5_4928_HNMWWL2RYGU_1.jpg,227,227,handbag,1.9976,56.5684,215.9905,227.0
hdf5_5651_E0E70YAKZQW_1.jpg,227,227,handbag,0.0,0.0,227.0,227.0
hdf5_4677_N5SM3840K0F_1.jpg,227,227,handbag,13.0071,93.5694,212.9941,207.5688
Y81SMOPJCEH_1.jpg,980,980,handbag,205.996,367.598,844.956,937.566
hdf5_4959_WGTPNXV1ZQH_1.jpg,227,227,handbag,2.9964,73.5707,227.0,214.5604
hdf5_4652_H2L34C61PAM_1.jpg,227,227,handbag,1.9976,69.5528,227.0,227.0
BBTYA4WXJ3F_1.jpg,704,463,handbag,39.1424,6.4357,645.2864,456.7032
8UMWAMC1K6J_1.jpg,784,784,handbag,86.0048,149.5872,696.0352,703.5616
BTRLNK9CQGF_1.jpg,721,962,handbag,2.0188,325.5408,721.0,898.6042
DDQFEHN3HDP_1.jpg,309,309,handbag,79.2894,154.2528,246.3657,298.8339
58RF1JJKGWJ_1.jpg,882,1059,handbag,79.0272,562.5408,754.992,1013.5689
hdf5_5638_45B6DJOHDKH_1.jpg,227,227,handbag,2.9964,38.5673,227.0,189.5677
EF9GM967ZOS_1.jpg,392,534,handbag,1.0192,76.5756,378.9856,437.5596
YEMWH2DQB4P_1.jpg,583,392,handbag,454.9732,148.568,571.9813,328.5744
hdf5_5584_DBX8CEQBGXT_1.jpg,227,227,handbag,0.0,0.0,227.0,227.0
hdf5_5606_9XP05OEAHED_1.jpg,227,227,handbag,41.995,81.5611,186.0038,191.5653
hdf5_5068_PNEZAAKM8OQ_1.jpg,227,227,handbag,16.0035,25.5602,209.9977,191.5653
DHAOK8SQDZP_1.jpg,1252,1274,handbag,212.9652,542.5966,959.032,1065.5736
hdf5_4780_4SXQZSUJVMN_1.jpg,227,227,handbag,6.9916,94.5682,222.006,223.5723
hdf5_5424_K0G28NJR8LB_1.jpg,227,227,handbag,3.9952,73.5707,227.0,226.5687
RJH4R0FQVIW_1.jpg,588,588,handbag,63.9744,223.5576,555.0132,509.5608
hdf5_4877_AFXSGS73JYZ_1.jpg,227,227,handbag,19.9987,45.5589,207.0013,217.5568
IE259JEI0FD_1.jpg,961,961,handbag,209.9785,315.5924,689.998,931.5934
MK7X6056N2J_1.jpg,784,784,handbag,11.76,111.328,773.1808,707.168
hdf5_5305_DVRGU317DRO_1.jpg,227,227,handbag,14.0059,9.5567,218.0108,209.5664
hdf5_5131_8TV0K21L03C_1.jpg,227,227,handbag,11.0095,76.5671,215.9905,209.5664
hdf5_5034_WTE84B1FGZM_1.jpg,227,227,handbag,3.9952,65.5576,227.0,227.0
hdf5_4997_NHLTMH4KCAW_1.jpg,227,227,handbag,3.9952,44.5601,227.0,227.0
hdf5_5411_SRXPQJUU2SI_1.jpg,227,227,handbag,13.0071,87.5539,204.0049,227.0
NOQO5EUNPMS_1.jpg,592,627,handbag,186.0064,335.5704,441.9872,539.5962
344O4RFLFBN_1.jpg,621,817,handbag,294.975,307.5188,480.033,461.605
hdf5_5543_ECUD9Q9ZHAC_1.jpg,227,227,handbag,0.9988,96.5658,225.0024,227.0
HVX86KH4OIC_1.jpg,486,549,handbag,1.944,242.7129,486.0,528.9615
K0EULZ7QYWY_1.jpg,686,411,handbag,158.7404,17.1798,493.92,204.1026
1CRCHAIT8JR_1.jpg,721,911,handbag,40.0155,334.5192,691.0064,911.0
hdf5_4644_ZP7BD8FCFAF_1.jpg,227,227,handbag,15.0047,62.5612,215.0144,226.5687
hdf5_5557_M4UWHINL1AQ_1.jpg,227,227,handbag,2.9964,78.5647,227.0,208.5676
FIRON9BP1II_1.jpg,3430,3430,handbag,457.905,997.444,3066.077,3424.512
JVX3HIT6EGF_1.jpg,627,627,handbag,51.9783,173.5536,619.9776,607.563
435DUL7C8OE_1.jpg,684,848,handbag,54.9936,160.5264,604.998,811.536
hdf5_5488_8I70EAVY4IX_1.jpg,227,227,handbag,3.9952,83.5587,227.0,223.5723
hdf5_5255_QX7EG3E9OWL_1.jpg,227,227,handbag,18.9999,56.5684,207.0013,216.558
MRBWYY63YVF_1.jpg,392,637,handbag,5.9976,248.5574,390.0008,606.5514
1VDD22ID6MY_1.jpg,1176,1176,handbag,7.8792,335.748,1165.1808,1126.608
O42APYESQ4S_1.jpg,338,338,handbag,63.0032,63.544,293.0122,296.5612
hdf5_4897_28KX72UPUFJ_1.jpg,227,227,handbag,0.0,0.0,227.0,227.0
hdf5_4623_WCYFYONIUYL_1.jpg,227,227,handbag,18.9999,74.5695,227.0,220.5759
TZNBBSK21FS_1.jpg,490,490,handbag,17.983,118.58,485.982,481.572
6OTE3F5KLHR_1.jpg,559,559,handbag,91.0052,132.5389,461.0073,412.542
hdf5_4857_0QDDPNVFZ6M_1.jpg,227,227,handbag,14.0059,12.5531,214.9917,226.5687
00MSP8VL1AO_1.jpg,329,280,handbag,0.0,0.0,329.0,280.0
C2E2P5QM46K_1.jpg,980,711,handbag,160.034,30.573,875.042,667.5579
hdf5_5381_00FFI7ZGWRS_1.jpg,227,227,handbag,0.0,0.0,227.0,227.0
4TNXAL953BZ_1.jpg,559,665,handbag,101.0113,197.5715,481.0195,592.5815
hdf5_5394_KEC2R3CXFOS_1.jpg,227,227,handbag,0.0,0.0,227.0,227.0
hdf5_5545_SLW6W3I2BPU_1.jpg,227,227,handbag,18.0011,72.5719,208.0001,227.0
GJNVJ2H348S_1.jpg,231,231,handbag,3.003,74.5668,224.994,231.0
hdf5_4956_5BNIOEO83QS_1.jpg,227,227,handbag,2.9964,103.5574,220.0084,222.5508
QK272O1ZTLR_1.jpg,760,570,handbag,162.032,112.575,651.016,550.563
hdf5_5611_3YN3AS4OHNK_1.jpg,227,227,handbag,2.9964,101.5598,227.0,224.5711
6B7XCKTXZBM_1.jpg,621,665,handbag,145.0035,250.572,267.03,406.581
A6PSZAN869D_1.jpg,231,231,handbag,3.9039,43.6128,230.0298,203.1645
KLHSA2Q2API_1.jpg,980,552,handbag,534.982,197.5608,926.982,536.544
hdf5_4980_76TFLBO966C_1.jpg,227,227,handbag,0.0,0.0,227.0,227.0
KRGA7G4NK3C_1.jpg,471,353,handbag,33.3468,12.3197,439.5843,342.763
RDX7TALDO5W_1.jpg,980,980,handbag,231.966,397.586,738.038,797.524
hdf5_4988_928WM9RTPYJ_1.jpg,227,227,handbag,0.0,0.0,227.0,227.0
TC1ITRFXW7N_1.jpg,705,802,handbag,0.0,121.5832,705.0,795.584
hdf5_5301_WAQSRLYI5EB_1.jpg,227,227,handbag,4.994,71.5504,222.006,208.5676
hdf5_4701_RHEHMRMA0EM_1.jpg,227,227,handbag,22.9951,44.5601,218.0108,221.552
hdf5_4692_JG7SOWSJUOG_1.jpg,227,227,handbag,17.0023,70.5516,215.9905,213.5616
hdf5_5347_UYOM75VCO7B_1.jpg,227,227,handbag,0.0,0.0,227.0,227.0
V6S8CUUT9KP_1.jpg,784,784,handbag,0.0,0.0,784.0,784.0
hdf5_5490_B2DOLD8DMOD_1.jpg,227,227,handbag,18.9999,77.5659,211.9953,213.5616
K6OWN2B3UMH_1.jpg,392,534,handbag,35.9856,158.5446,362.012,472.59
hdf5_4890_GFWIDPZYHRR_1.jpg,227,227,handbag,22.9951,71.5504,209.9977,217.5568
4RMAN9H1XCG_1.jpg,627,372,handbag,2.0064,120.5652,324.9741,349.5684
hdf5_5247_3BK1YGGMNWZ_1.jpg,227,227,handbag,2.9964,86.5551,227.0,227.0
G882FQOWDCN_1.jpg,941,1470,handbag,0.0,595.497,941.0,1470.0
hdf5_5089_M0ET6E1HPSU_1.jpg,227,227,handbag,5.9928,18.5686,227.0,220.5532
JQ2U2VWPP8W_1.jpg,231,231,handbag,2.0097,54.5622,231.0,231.0
hdf5_4931_9OO7SYQIFUP_1.jpg,227,227,handbag,51.0069,66.5564,180.011,227.0
hdf5_5518_63EHNZVSC7Y_1.jpg,227,227,handbag,11.0095,63.56,212.9941,217.5568
6GIIEMBRHMZ_1.jpg,2352,2352,handbag,41.16,513.2064,2308.9584,1855.728
hdf5_4589_KD4E63P9TKA_1.jpg,227,227,handbag,0.0,109.0054,227.0,227.0
KHUDX31BJWV_1.jpg,849,1274,handbag,24.0267,814.5956,431.9712,1274.0
hdf5_4809_U0ZXU3UYP2T_1.jpg,227,227,handbag,22.9951,38.5673,210.9965,223.5723
P3T1KK8NXFA_1.jpg,559,559,handbag,107.9988,169.5447,462.0135,537.5344
hdf5_4860_MV86QBR7VES_1.jpg,227,227,handbag,0.0,0.0,227.0,227.0
hdf5_5228_E9KWRGJ3LFT_1.jpg,227,227,handbag,13.0071,34.5721,213.9929,190.5665
hdf5_4641_BPCZNQAFBHK_1.jpg,227,227,handbag,0.0,111.003,227.0,218.0108
WZUGCRSD34L_1.jpg,931,1242,handbag,109.0201,660.4956,827.0073,1089.6066
VXJ3DGCNSZK_1.jpg,849,1363,handbag,177.0165,519.5756,399.03,727.5694
L8MDCM376TJ_1.jpg,588,588,handbag,75.9696,155.5848,512.0304,487.5696
hdf5_4634_MB1R6DD2MGA_1.jpg,227,227,handbag,12.0083,87.5766,211.9953,219.0096
KTZ8XXT9ZTM_1.jpg,784,784,handbag,51.0384,268.5984,719.0064,753.5808
hdf5_5104_UQXTFTC4JEI_1.jpg,227,227,handbag,18.9999,75.5683,191.9966,218.5556
hdf5_5262_VSN7TUQZ1HL_1.jpg,227,227,handbag,16.0035,7.5591,217.012,212.5628
S1AAADO2XZU_1.jpg,553,872,handbag,60.0005,193.584,486.9718,478.5536
hdf5_5171_M41VMH2PYKC_1.jpg,227,227,handbag,20.9975,72.5719,206.0025,214.5604
WIEHLKUQGKP_1.jpg,294,392,handbag,6.8502,13.2888,292.0302,379.8088
hdf5_5040_CBCJLXRNJJY_1.jpg,227,227,handbag,25.9915,5.5615,205.0037,198.5569
hdf5_5380_282ECEB5VVX_1.jpg,227,227,handbag,14.0059,3.5639,215.9905,194.5617
hdf5_5610_EP80XN34ENL_1.jpg,227,227,handbag,29.0106,91.5718,202.0073,227.0
4O16261L8FB_1.jpg,396,595,handbag,34.0164,44.5655,380.9916,289.5865
hdf5_5294_VGJH3BO109I_1.jpg,227,227,handbag,36.0022,14.5734,195.9918,212.5628
IB0XBB7U4RJ_1.jpg,1064,1274,handbag,87.0352,665.5376,868.0112,1189.5338
hdf5_4628_GD0Z2VRTIWE_1.jpg,227,227,handbag,0.0,0.0,227.0,227.0
KTWRYUHUAES_1.jpg,421,421,handbag,37.0059,136.5724,349.009,359.5761
OBCF68D3CPL_1.jpg,980,735,handbag,453.74,471.9435,618.38,606.228
09RG3530XIJ_1.jpg,615,425,handbag,23.985,66.555,234.0075,244.545
hdf5_4710_SOBZNDCENTN_1.jpg,227,227,handbag,0.9988,45.5589,226.0012,208.5676
hdf5_4655_K2ES3F2E9NK_1.jpg,227,227,handbag,1.9976,42.9938,227.0,212.9941
hdf5_4858_8M91QBUJ0XY_1.jpg,227,227,handbag,0.9988,93.5694,227.0,227.0
hdf5_4682_RO9HE2FSR6I_1.jpg,227,227,handbag,5.9928,12.5531,227.0,222.5508
5D24O20E8FG_1.jpg,640,980,handbag,195.008,613.578,606.016,936.586
hdf5_5330_I30PV7VF8GS_1.jpg,227,227,handbag,43.9926,86.5551,186.0038,222.5508
Z8904I25NSO_1.jpg,588,588,handbag,4.8804,95.6088,580.1796,507.2088
5252AYUV93W_1.jpg,784,784,handbag,37.24,169.1088,756.56,694.3888
9W1N47292OV_1.jpg,1016,763,handbag,214.9856,252.553,674.0144,660.5291
hdf5_5653_1LAZOZK49LG_1.jpg,227,227,handbag,15.0047,70.5516,204.0049,227.0
HSRBT9T932S_1.jpg,388,388,handbag,11.9892,80.5488,373.9932,331.546
hdf5_5390_01HM9CC072T_1.jpg,227,227,handbag,0.0,0.0,227.0,227.0
hdf5_5012_MAJL9QY6RGN_1.jpg,227,227,handbag,3.9952,59.5648,227.0,226.5687
5TR11ST5A7S_1.jpg,735,735,handbag,7.8645,201.4635,735.0,716.919
VKTUNEQGPUS_1.jpg,313,313,handbag,5.8844,64.1337,311.0594,248.9915
hdf5_5118_UXXTCY83A7S_1.jpg,227,227,handbag,38.9986,64.5588,194.993,213.5616
hdf5_4977_WPI34P7JPLE_1.jpg,227,227,handbag,2.9964,90.573,227.0,227.0
hdf5_4748_FK18ZEK8RRP_1.jpg,227,227,handbag,39.9974,112.5693,183.0074,216.558
hdf5_4965_UNNST3DCROU_1.jpg,227,227,handbag,11.0095,2.5651,217.012,227.0
hdf5_5298_XE0Z69PPZ8C_1.jpg,227,227,handbag,41.995,56.5684,184.0062,198.5569
TTH8ZUV5OFA_1.jpg,758,758,handbag,370.662,394.7664,514.8336,598.6684
IP9F4KXATTJ_1.jpg,333,265,handbag,33.3,50.615,301.6647,233.1735
Q5KGOQI5D6B_1.jpg,980,564,handbag,429.044,297.5664,632.982,482.5584
ZKSCQNYRPDJ_1.jpg,294,294,handbag,60.0054,115.5714,235.9938,266.5698
7HSMCNKABXK_1.jpg,475,843,handbag,41.99,416.5263,431.015,734.5902
FDT9O1JDYUZ_1.jpg,1005,1037,handbag,399.6885,682.7608,711.138,1001.3272
hdf5_5624_XJRQCK1JUZM_1.jpg,227,227,handbag,3.9952,3.5639,227.0,201.5533
CVNAQUSLN8Z_1.jpg,569,569,handbag,2.9588,58.4363,564.1066,564.6756
hdf5_4771_7VV6L0OIQFS_1.jpg,227,227,handbag,1.9976,97.5646,227.0,224.5711
GUYKLAEMHJG_1.jpg,721,721,handbag,72.0279,222.5727,657.9846,716.5298
hdf5_4841_GO1L7XO6I6J_1.jpg,227,227,handbag,5.9928,99.5622,222.006,227.0
PNDSJCWOGAX_1.jpg,551,431,handbag,293.0218,37.5832,510.0056,332.5596
hdf5_5397_TFKQ9ZELOAJ_1.jpg,227,227,handbag,33.0058,72.5719,180.011,226.5687
hdf5_5416_ATVGD68V4CM_1.jpg,227,227,handbag,0.9988,50.5529,219.0096,222.5508
hdf5_5642_VQ1SRGHQL4W_1.jpg,227,227,handbag,4.994,26.559,217.012,202.5748
hdf5_4872_QAQE0JPIISG_1.jpg,227,227,handbag,8.9892,48.5553,222.006,192.5641
QJHXF9Q7N9W_1.jpg,231,231,handbag,8.8011,36.7752,223.1691,217.8561
hdf5_5065_QYWUS319AOA_1.jpg,227,227,handbag,12.0083,18.5686,222.006,191.5653
hdf5_4671_36H93BJHTXU_1.jpg,227,227,handbag,16.0035,64.5588,209.9977,220.5532
hdf5_5428_NHIUT2PNKXJ_1.jpg,227,227,handbag,14.0059,70.5516,215.9905,222.5508
hdf5_4786_MPWZC2JAASJ_1.jpg,227,227,handbag,44.9914,96.5658,168.0027,227.0
hdf5_4782_69EG1ZAFFVP_1.jpg,227,227,handbag,0.0,0.0,227.0,227.0
5J9VOJ27ENF_1.jpg,451,564,handbag,9.02,216.576,441.98,538.5636
5SP7TGLP2WO_1.jpg,559,838,handbag,114.9863,331.5966,493.9883,593.5554
hdf5_4624_S9VNPCLH0JL_1.jpg,227,227,handbag,1.9976,42.9938,227.0,218.0108
R71YFWXPOEM_1.jpg,361,461,handbag,19.6023,12.3087,350.2061,451.7339
029TL99HBRC_1.jpg,784,784,handbag,62.0144,113.5232,756.0112,570.5952
KT1WA6YPRFT_1.jpg,686,411,handbag,5.0078,101.5581,365.0206,382.5588
WF1GY77U2FL_1.jpg,297,386,handbag,14.9985,133.556,267.003,372.5672
3YIMBEUO2SY_1.jpg,784,784,handbag,5.0176,178.5952,780.0016,784.0
hdf5_4884_LVB3LNUY8JX_1.jpg,227,227,handbag,6.9916,50.5529,223.0048,221.552
hdf5_5091_3S8RGAR0ZOB_1.jpg,227,227,handbag,29.0106,70.5516,197.9894,217.5568
hdf5_5149_KVU2OFZSQ5L_1.jpg,227,227,handbag,13.0071,64.5588,208.0001,220.5532
PKEEGSO1XTN_1.jpg,597,735,handbag,270.9783,423.5805,523.9869,628.572
hdf5_5641_96V1FZY88YH_1.jpg,227,227,handbag,0.0,0.0,227.0,227.0
4QIGR8N40KZ_1.jpg,309,309,handbag,33.0012,156.5703,275.9988,303.5616
hdf5_5331_A31GIGCHOJH_1.jpg,227,227,handbag,0.0,0.0,227.0,227.0
Y3BTXV1QTMM_1.jpg,708,459,handbag,40.9932,108.5535,498.9984,457.5771
hdf5_4726_ZZ77PSHCXBC_1.jpg,227,227,handbag,42.9938,88.5527,186.0038,222.5508
hdf5_4940_24GHO4YCWSJ_1.jpg,227,227,handbag,5.9928,81.5611,217.012,227.0
hdf5_5650_2T1F41LSVDH_1.jpg,227,227,handbag,5.9928,94.5682,206.0025,215.5592
hdf5_4776_ZO7OT2VFMRE_1.jpg,227,227,handbag,2.9964,86.5551,227.0,227.0
IH289DEQSIV_1.jpg,294,294,handbag,0.0,159.5538,80.997,234.5532
IBJ1XAXBYCZ_1.jpg,242,322,handbag,22.99,146.5744,217.0014,316.5582
LV9ABWM25IC_1.jpg,354,354,handbag,8.8146,53.4894,354.0,301.608
62KA0WKY30T_1.jpg,784,784,handbag,215.992,485.5312,586.9808,729.5904
hdf5_4591_BOQDUW8S5DB_1.jpg,227,227,handbag,8.9892,6.5603,227.0,221.552
hdf5_4797_F4TORPD5KFB_1.jpg,227,227,handbag,21.9963,68.554,213.9929,216.558
hdf5_5454_TTVOSACEBUK_1.jpg,227,227,handbag,1.9976,84.5575,225.0024,225.5699
hdf5_4728_SEVSAHCY3ZD_1.jpg,227,227,handbag,0.0,0.0,227.0,227.0
RBXA19SYBJE_1.jpg,607,439,handbag,1.9424,55.4457,599.1697,399.3583
CYCM0PU1U4E_1.jpg,656,980,handbag,339.0208,733.53,627.0048,950.6
K7HX56NX01O_1.jpg,2963,3951,handbag,5.926,1366.6509,2738.9972,3696.5556
EJRQM13MM6B_1.jpg,588,441,handbag,92.022,111.573,487.9812,430.5483
hdf5_4922_KC2EENZ9TYJ_1.jpg,227,227,handbag,2.9964,30.5542,227.0,201.5533
S6S5GMH2GKF_1.jpg,309,309,handbag,72.9858,130.5525,254.9868,294.5697
hdf5_5306_6YNOLS9AO3J_1.jpg,227,227,handbag,17.0023,70.5516,215.9905,217.5568
hdf5_5064_E31U31DQMCE_1.jpg,227,227,handbag,2.9964,84.5575,225.0024,219.5544
B88I7QOI23U_1.jpg,735,735,handbag,22.5645,196.539,719.3445,637.539
HYKPU1NVAAE_1.jpg,1470,1081,handbag,123.039,301.599,1080.009,983.6019
hdf5_5440_BVAEZNLL0KN_1.jpg,227,227,handbag,32.007,97.5646,197.9894,222.5508
89RUOLZF1XK_1.jpg,784,784,handbag,103.0176,187.5328,693.9968,693.5264
ANRPM4CVYBF_1.jpg,784,784,handbag,2.0384,420.5376,294.0,624.5344
hdf5_4568_VVWBCJZDDAZ_1.jpg,227,227,handbag,0.0,81.9924,227.0,227.0
hdf5_5039_LK0YWQPVCTO_1.jpg,227,227,handbag,0.0,0.0,227.0,227.0
9EBIT3UDIOO_1.jpg,499,376,handbag,11.7265,35.908,482.3833,331.4064
hdf5_5637_Z4I1BY2Z1PN_1.jpg,227,227,handbag,10.0107,45.5589,226.0012,208.5676
P7A3VPNICTQ_1.jpg,354,354,handbag,17.9832,100.5714,337.008,335.5566
hdf5_5004_DID41SD85ND_1.jpg,227,227,handbag,2.9964,105.555,225.0024,227.0
O0NF64KW9CQ_1.jpg,193,479,handbag,71.0047,169.566,193.0,301.5784
hdf5_5407_S7G49YMHUYT_1.jpg,227,227,handbag,1.9976,70.5516,227.0,218.5556
hdf5_5327_NLNUKVK0F1G_1.jpg,227,227,handbag,0.0,0.0,227.0,227.0
0X4HJ30B2MJ_1.jpg,348,319,handbag,5.0112,52.5712,348.0,319.0
HOCLFUWENBZ_1.jpg,588,588,handbag,0.0,0.0,588.0,588.0
OTO5GTNAEFD_1.jpg,514,686,handbag,98.9964,134.5932,401.9994,411.6
TRWLY85HOIY_1.jpg,2940,1919,handbag,0.0,0.0,2940.0,1919.0
RITLFIL40BB_1.jpg,588,419,handbag,112.014,126.5799,441.0,407.5613
SH3AOKO0Y9W_1.jpg,2007,1950,handbag,120.0186,680.55,1802.0853,1907.49
FFE5KF7WLOD_1.jpg,1176,1176,handbag,145.0008,429.5928,1007.0088,1117.5528
hdf5_4910_NDPGC10BQIC_1.jpg,227,227,handbag,30.0094,53.572,221.0072,223.5723
hdf5_4791_ILLU07JMA9U_1.jpg,227,227,handbag,14.0059,87.5539,213.9929,227.0
V7CQ57VYA3M_1.jpg,333,265,handbag,66.0006,39.5645,288.0117,178.557
FKH10PKDHKY_1.jpg,849,1363,handbag,304.9608,552.5602,472.044,703.5806
hdf5_4819_97R1SB4VDBE_1.jpg,227,227,handbag,15.0047,92.5706,215.9905,227.0
UFOG3BQIOFH_1.jpg,980,742,handbag,112.994,225.568,823.004,685.5338
X9RAWGFIHCK_1.jpg,732,489,handbag,410.5788,271.5906,731.0484,484.6479
hdf5_5616_5G9VHTS4XLW_1.jpg,227,227,handbag,32.007,3.5639,190.9978,175.5618
XVDXQOAD2WD_1.jpg,980,667,handbag,15.68,33.8836,962.36,646.9233
hdf5_5237_XTYW0X8D10W_1.jpg,227,227,handbag,3.9952,18.5686,227.0,227.0
FPOX5I1HSQO_1.jpg,588,588,handbag,44.982,209.5632,586.0008,574.5936
DTDON6T8Z3D_1.jpg,627,627,handbag,71.5407,26.0205,360.525,454.1361
I0P40V8JFKV_1.jpg,588,588,handbag,4.8804,195.5688,570.36,588.0
hdf5_5515_R5E53LDYRGW_1.jpg,227,227,handbag,0.0,0.0,227.0,227.0
hdf5_5501_OKZ6CURRGTK_1.jpg,227,227,handbag,0.0,0.0,227.0,227.0
hdf5_4751_OLZ0AU8E1PK_1.jpg,227,227,handbag,8.9892,48.5553,221.0072,177.5594
hdf5_4926_KTXQFE5711K_1.jpg,227,227,handbag,3.9952,15.5722,214.9917,202.5748
hdf5_4920_204NCBVQBVT_1.jpg,227,227,handbag,8.9892,64.5588,226.0012,227.0
hdf5_4760_4G2EUM93O9U_1.jpg,227,227,handbag,16.0035,73.5707,218.0108,225.5699
hdf5_4755_XANSUTOELSL_1.jpg,227,227,handbag,0.0,45.5589,225.0024,191.5653
9Z2SZLOQLRR_1.jpg,735,552,handbag,259.9695,244.536,625.9995,521.5848
hdf5_4662_FCXP5T64BKN_1.jpg,227,227,handbag,1.9976,69.008,227.0,214.9917
E583H1HSMOH_1.jpg,392,490,handbag,51.9792,267.54,350.9968,453.544
Q9DVTN2VZMB_1.jpg,231,231,handbag,17.9949,112.5663,213.0051,231.0
hdf5_4691_NM7165KEXFC_1.jpg,227,227,handbag,0.9988,61.5624,227.0,224.5711
hdf5_5037_W7B61WHPCRG_1.jpg,227,227,handbag,1.9976,89.5742,227.0,221.552
hdf5_5213_D84EGQL19PB_1.jpg,227,227,handbag,15.0047,142.556,196.9906,227.0
UCVFAC3OEHM_1.jpg,588,588,handbag,37.9848,167.58,559.0116,588.0
hdf5_4961_N9X7W4JO6ZL_1.jpg,227,227,handbag,7.9904,50.5529,227.0,176.5606
hdf5_5324_6FQ58S6B78R_1.jpg,227,227,handbag,42.9938,64.5588,182.0086,221.552
hdf5_5426_MBBUMD7RSYD_1.jpg,227,227,handbag,0.0,0.0,227.0,227.0
hdf5_5613_0HQCH8CIGZN_1.jpg,227,227,handbag,16.0035,74.5695,207.0013,217.5568
AEGFE9VL55L_1.jpg,341,295,handbag,33.3157,37.6715,341.0,283.8195
9N6MAOQS81T_1.jpg,784,784,handbag,14.9744,162.6016,769.0256,784.0
KUB5DTAF18Q_1.jpg,1039,1047,handbag,84.9902,375.5589,966.9973,972.5583
VX8HL1BZGZK_1.jpg,784,340,handbag,23.52,8.398,266.56,315.078
HBGI6MU21RC_1.jpg,784,784,handbag,116.9728,277.536,648.9952,723.5536
hdf5_5169_6BWNNSCABDZ_1.jpg,227,227,handbag,4.994,4.5627,227.0,207.5688
JVMAUI2JT3B_1.jpg,735,490,handbag,285.033,110.544,723.0195,447.566
JV3H549VMIG_1.jpg,721,962,handbag,26.0281,302.549,701.9656,886.5792
hdf5_5041_H85VNXYXA9D_1.jpg,227,227,handbag,16.0035,61.5624,212.9941,227.0
5FWVMAEEW3S_1.jpg,980,769,handbag,294.98,568.5986,485.002,742.5464
hdf5_5260_72VQPJPHVFX_1.jpg,227,227,handbag,25.9915,81.5611,204.0049,215.5592
H3MPP88XH3S_1.jpg,2352,2352,handbag,68.6784,523.7904,2272.5024,1802.808
Z4760O47DGL_1.jpg,784,784,handbag,239.9824,223.5968,650.0144,747.544
W2UWSR71TZO_1.jpg,621,665,handbag,150.0336,250.572,270.0108,409.5735
hdf5_5612_XKIQ4UIRFPS_1.jpg,227,227,handbag,0.0,0.0,227.0,227.0
MN7MYHRFLJW_1.jpg,588,588,handbag,58.9764,156.5844,538.02,588.0
hdf5_5410_GYZYW9GUJ9R_1.jpg,227,227,handbag,2.9964,36.5697,227.0,187.5701
hdf5_4703_OTHPP3M2VMY_1.jpg,227,227,handbag,7.9904,70.5516,220.0084,227.0
hdf5_4673_0FMFQ7J6L5R_1.jpg,227,227,handbag,0.0,87.0091,227.0,227.0
hdf5_5195_O2H73LE8L1M_1.jpg,227,227,handbag,2.9964,88.5527,226.0012,227.0
hdf5_5649_FDBAORRB3WV_1.jpg,227,227,handbag,7.9904,17.5698,223.0048,218.5556
017OE1B4URY_1.jpg,730,580,handbag,0.0,0.0,730.0,580.0
1HOP6VH8TLV_1.jpg,242,322,handbag,43.0034,100.5606,233.9898,248.5518
8FSVEJOAX8W_1.jpg,392,295,handbag,125.0088,122.5725,296.9792,280.5745
X0NVEBLJV9S_1.jpg,980,980,handbag,33.32,212.268,958.44,912.968
IGVXDK7YUPQ_1.jpg,686,411,handbag,372.9782,135.5478,679.9632,363.5706
BN645538TUQ_1.jpg,375,454,handbag,9.0,108.5514,375.0,409.5534
hdf5_5458_27DE4HY0CQG_1.jpg,227,227,handbag,1.9976,81.5611,226.0012,227.0
YDYFX48D89L_1.jpg,846,1274,handbag,2.0304,307.5436,475.9596,720.5744
hdf5_5302_Q3LRH4YYHNC_1.jpg,227,227,handbag,3.9952,39.5661,227.0,188.5689
hdf5_4674_2YWABYFMR0N_1.jpg,227,227,handbag,18.0011,104.5789,206.0025,227.0
876LVVMO6WX_1.jpg,317,317,handbag,47.9938,53.573,269.9889,315.5735
69M9DZN8RFK_1.jpg,938,1274,handbag,213.0198,689.6162,698.9976,1214.6316
hdf5_4716_8M8FD9124VM_1.jpg,227,227,handbag,28.0118,74.5695,196.9906,227.0
hdf5_5372_KAN3EYXPEOH_1.jpg,227,227,handbag,43.9926,68.554,204.0049,219.5544
E8NKBH2RY6D_1.jpg,882,882,handbag,3.8808,221.0292,876.0906,706.1292
hdf5_4753_BSF7E9U02HQ_1.jpg,227,227,handbag,6.9916,84.5575,221.0072,195.5605
G6FCYMHTYXR_1.jpg,588,588,handbag,4.8804,57.3888,588.0,491.5092
hdf5_4947_9D333VPTLUB_1.jpg,227,227,handbag,1.9976,90.573,227.0,227.0
KEEIG6ND4HD_1.jpg,1003,1508,handbag,413.3363,658.0912,623.866,890.3232
hdf5_5494_G85EY4Z2L3F_1.jpg,227,227,handbag,4.994,33.5506,225.0024,208.5676
hdf5_4721_2APYO0D3PAX_1.jpg,227,227,handbag,6.9916,29.5554,223.0048,198.5569
hdf5_5246_CNZHJED5BMB_1.jpg,227,227,handbag,5.9928,90.573,215.9905,224.5711
hdf5_5141_EUXFJDCQXXQ_1.jpg,227,227,handbag,46.989,72.5719,185.005,173.5642
VSFTPQOKZTH_1.jpg,392,273,handbag,0.0,0.0,392.0,273.0
6MV8ODPT98Z_1.jpg,333,265,handbag,76.9896,56.551,266.0004,199.5715
hdf5_4846_CVWRW90VQWM_1.jpg,227,227,handbag,13.0071,55.5696,219.0096,222.5508
93PG11WEBTD_1.jpg,588,588,handbag,0.0,0.0,588.0,588.0
hdf5_5358_4EXLNOUBCRO_1.jpg,227,227,handbag,5.9928,78.5647,227.0,209.5664
hdf5_5226_Y8FN6APHNOP_1.jpg,227,227,handbag,3.9952,41.5637,222.006,206.57
TYR0IVH6RSR_1.jpg,882,882,handbag,334.1898,355.2696,810.4698,698.2794
hdf5_5574_ZJ720IIEDIA_1.jpg,227,227,handbag,0.0,0.0,227.0,227.0
hdf5_5093_3B7SNPC62YY_1.jpg,227,227,handbag,3.9952,50.5529,224.0036,221.552
hdf5_5339_773ADCVGI0G_1.jpg,227,227,handbag,7.9904,55.5696,225.0024,213.5616
hdf5_5536_7LRA45Z29HR_1.jpg,227,227,handbag,6.9916,58.566,223.0048,223.5723
31OHN2U6JGM_1.jpg,1192,1470,handbag,31.9456,490.539,1156.9552,1441.482
hdf5_5596_VHYGS7ZGG4O_1.jpg,227,227,handbag,0.0,0.0,227.0,227.0
hdf5_5351_FRDJNF4815G_1.jpg,227,227,handbag,37.001,51.5744,184.0062,227.0
89LC78WK56Y_1.jpg,441,313,handbag,57.9915,70.5502,383.0085,291.5595
S5P3US28BOU_1.jpg,388,388,handbag,24.0172,82.5664,380.0072,382.568
LIKU0K79VCS_1.jpg,627,357,handbag,102.0129,272.5695,198.0066,353.5728
S7XD0Z7IQHB_1.jpg,231,347,handbag,111.573,145.6359,231.0,261.291
hdf5_5218_GK39B3494OA_1.jpg,227,227,handbag,0.0,0.0,227.0,227.0
hdf5_4801_T747WN7CTIL_1.jpg,227,227,handbag,2.9964,22.5638,226.0012,196.5593
QPL4C6TOOBO_1.jpg,980,980,handbag,4.9,158.368,968.24,814.968
CI13WSBODBO_1.jpg,294,441,handbag,13.9944,274.5666,185.9844,421.5519
hdf5_4698_951F1SMTWMB_1.jpg,227,227,handbag,2.9964,87.5539,227.0,227.0
hdf5_4938_D7XDH2Z4AKV_1.jpg,227,227,handbag,0.0,0.0,227.0,227.0
621TT7FBHLK_1.jpg,333,265,handbag,64.0026,116.5735,256.0104,265.0
XZ7DG0UJ6XF_1.jpg,187,187,handbag,7.8727,28.1061,180.1184,163.9242
hdf5_4639_OFUGACUQNQP_1.jpg,227,227,handbag,21.9963,101.5598,206.0025,222.5508
hdf5_5090_TRKSYWOACPI_1.jpg,227,227,handbag,3.9952,31.553,223.0048,215.5592
hdf5_5162_NSYW78GK4ZJ_1.jpg,227,227,handbag,2.9964,86.5551,227.0,227.0
3M6850V5RGX_1.jpg,1003,993,handbag,7.8234,278.6358,1000.0913,799.6629
PCHY7BKZ8ZG_1.jpg,627,627,handbag,6.8343,18.9981,625.0563,596.9667
hdf5_5361_CE5LVIQJCRP_1.jpg,227,227,handbag,2.9964,91.5718,227.0,227.0
GG37GEJDMCQ_1.jpg,1568,1675,handbag,63.0336,531.645,1369.9616,1592.59
OSL0FTOHNYR_1.jpg,2675,4015,handbag,955.2425,2965.8805,1835.3175,4015.0
hdf5_4585_24KFOKM9OYD_1.jpg,227,227,handbag,17.0023,11.5543,209.9977,225.5699
hdf5_4732_2YRXBLVOY0G_1.jpg,227,227,handbag,2.9964,32.5518,225.0024,211.564
7LWUB8NXU9A_1.jpg,869,869,handbag,581.9693,298.5884,691.0288,432.5882
FDDWF66QOQX_1.jpg,490,490,handbag,83.986,168.56,382.984,388.57
1L2RK8W3MIT_1.jpg,621,958,handbag,332.9802,401.5936,521.019,611.5872
hdf5_5520_Y0T2ZA8Q42Q_1.jpg,227,227,handbag,1.9976,9.5567,225.0024,224.5711
5AZMK0HG09K_1.jpg,1205,1568,handbag,66.998,515.5584,846.0305,1405.5552
hdf5_5038_0CIRYKCZWXT_1.jpg,227,227,handbag,0.0,0.0,227.0,227.0
IUHQ5PE4J2R_1.jpg,2368,1546,handbag,18.7072,109.3022,2332.7168,1480.9134
HRI7EN8MSTG_1.jpg,1274,876,handbag,140.0126,280.5828,1067.9942,858.5676
hdf5_4954_LNJGRLCX8KK_1.jpg,227,227,handbag,26.9903,10.5555,198.9882,213.5616
C13QQ0SN6AO_1.jpg,735,992,handbag,126.42,550.8576,659.5155,908.3744
hdf5_4687_W29322NFCRZ_1.jpg,227,227,handbag,33.0058,55.5696,227.0,217.5568
PB05D5YKCSJ_1.jpg,294,461,handbag,28.9884,202.5634,278.0064,391.5734
hdf5_5139_PAEX1BLVHRS_1.jpg,227,227,handbag,20.9975,4.5627,209.9977,227.0
hdf5_5176_TMGDD760LGT_1.jpg,227,227,handbag,15.0047,101.5598,205.0037,223.5723
Z07LW8LMFRI_1.jpg,479,637,handbag,5.9875,229.5748,467.025,621.5846
hdf5_4886_I7MWF5H2Y7J_1.jpg,227,227,handbag,21.9963,2.5651,201.0085,227.0
hdf5_4702_8AFC15FXK0I_1.jpg,227,227,handbag,4.994,53.572,227.0,214.5604
hdf5_4894_XM69Y9Q5OPQ_1.jpg,227,227,handbag,15.0047,2.5651,220.0084,225.5699
WLM7JPV8CHN_1.jpg,309,309,handbag,41.9931,96.5625,294.0135,300.5643
MCMJ1M0ISNM_1.jpg,677,677,handbag,45.1559,116.3086,507.2761,557.848
hdf5_4989_1N7290D520K_1.jpg,227,227,handbag,26.9903,55.5696,211.9953,220.5532
0S3VIO6H9UX_1.jpg,392,325,handbag,0.0,123.565,319.0096,325.0
hdf5_4806_8BVLCBIAX4H_1.jpg,227,227,handbag,0.0,0.0,227.0,227.0
hdf5_4943_2M35N7VOWYI_1.jpg,227,227,handbag,1.9976,80.5623,227.0,227.0
hdf5_4773_BAE61BHISJX_1.jpg,227,227,handbag,22.9951,81.5611,204.0049,217.5568
hdf5_5450_NAHVZU3PFPX_1.jpg,227,227,handbag,5.9928,37.5685,224.0036,191.5653
hdf5_5124_AUS2PI9BHWY_1.jpg,227,227,handbag,0.9988,22.5638,226.0012,201.5533
hdf5_4725_HMWML6T0LLY_1.jpg,227,227,handbag,8.9892,79.5635,227.0,214.5604
hdf5_4642_23IYK9GC8XP_1.jpg,227,227,handbag,12.0083,102.9899,217.012,220.5759
hdf5_4842_2ILCOMHP76Y_1.jpg,227,227,handbag,17.0023,78.5647,205.0037,224.5711
X9XE8ZPMB4F_1.jpg,627,627,handbag,41.0058,144.5862,554.0172,538.593
hdf5_4739_MB111W7AT4A_1.jpg,227,227,handbag,8.9892,46.5577,221.0072,185.5725
V2JX36A31PJ_1.jpg,193,479,handbag,71.0047,200.5573,193.0,353.5499
WTK9F6WTL7K_1.jpg,267,313,handbag,2.0025,82.5694,267.0,313.0
hdf5_4815_S1JSRT4Y51T_1.jpg,227,227,handbag,5.9928,72.5719,210.9965,227.0
hdf5_5168_5WTB7PQQEKA_1.jpg,227,227,handbag,2.9964,57.5672,227.0,218.5556
hdf5_5258_79AUDUALTDM_1.jpg,227,227,handbag,12.0083,81.5611,211.9953,227.0
DN2F5J9UOWF_1.jpg,627,438,handbag,285.0342,191.5812,520.9743,380.5782
BYUQOLBUNCZ_1.jpg,588,588,handbag,4.998,157.584,584.0016,588.0
hdf5_5035_S5R4NA4XFOO_1.jpg,227,227,handbag,2.9964,64.5588,227.0,200.5545
YY6J8OAQ1TQ_1.jpg,368,490,handbag,4.0112,187.572,352.9856,474.565
009KR55482K_1.jpg,2352,2352,handbag,174.048,785.568,2329.8912,2175.6
hdf5_4950_AZTTIZ61DJT_1.jpg,227,227,handbag,18.0011,27.5578,214.9917,195.5605
hdf5_4775_M36I6YCP7KL_1.jpg,227,227,handbag,2.9964,73.5707,227.0,212.5628
hdf5_5631_K7NRF9HFGKT_1.jpg,227,227,handbag,6.9916,71.5504,221.0072,224.5711
hdf5_5353_UZR8UZMKXVN_1.jpg,227,227,handbag,4.994,94.5682,227.0,223.5723
hdf5_5186_O8MW5O5BKGZ_1.jpg,227,227,handbag,5.9928,67.5552,224.0036,227.0
6AUW7ZCQ57U_1.jpg,392,392,handbag,13.9944,148.568,262.9928,344.568
8QM38TU6T4U_1.jpg,628,1077,handbag,5.024,69.5742,375.9836,330.5313
MGNETTKZWES_1.jpg,721,939,handbag,16.0062,394.5678,711.9875,937.5915
hdf5_5561_VJ4Y9W2LIOD_1.jpg,227,227,handbag,17.0023,71.5504,221.0072,221.552
CQLHLLJD5XX_1.jpg,490,490,handbag,0.98,54.439,487.06,439.579
BQ1W5FMAUED_1.jpg,509,588,handbag,55.0229,217.56,464.0044,586.5888
CE65Z4ZGLLA_1.jpg,980,745,handbag,140.14,58.408,786.94,589.6675
hdf5_4729_6CB4DKEJMJT_1.jpg,227,227,handbag,12.0083,23.5626,218.0108,165.5738
hdf5_4888_JDHQ7IXDK5M_1.jpg,227,227,handbag,2.9964,12.5531,227.0,207.5688
hdf5_4878_O9SECDWI5KZ_1.jpg,227,227,handbag,19.9987,64.5588,227.0,219.5544
hdf5_5621_LTT63ZV3O6J_1.jpg,227,227,handbag,3.9952,40.5649,227.0,190.5665
hdf5_4688_YLBGTBIDISP_1.jpg,227,227,handbag,37.001,68.554,208.9989,216.558
hdf5_4902_7D20VIXJL5E_1.jpg,227,227,handbag,18.9999,9.5567,208.9989,224.5711
hdf5_5061_AUBX5PG2S6G_1.jpg,227,227,handbag,50.0081,69.5528,185.005,219.5544
hdf5_4599_0V6EGVUKXOL_1.jpg,227,227,handbag,2.9964,33.5506,226.0012,185.5725
hdf5_4985_1A0UPRV9CGI_1.jpg,227,227,handbag,1.9976,40.5649,227.0,179.557
hdf5_4722_UHPGG2T1INR_1.jpg,227,227,handbag,38.9986,66.5564,183.0074,224.5711
WLYBPDEMBQT_1.jpg,721,721,handbag,80.031,279.5317,637.0035,622.5835
BNMKNWLC7LA_1.jpg,763,474,handbag,55.0123,124.5672,725.9945,423.5664
9T93JN3WT5N_1.jpg,459,599,handbag,40.9887,329.5698,146.0079,469.5561
03UQFUV458N_1.jpg,471,471,handbag,3.0144,179.5452,461.0148,427.5738
hdf5_4668_8LQREQLWQ6O_1.jpg,227,227,handbag,37.001,74.5695,164.0075,206.57
hdf5_5439_OW3BPRR6IPZ_1.jpg,227,227,handbag,0.0,0.0,227.0,227.0
hdf5_4612_C4N2VI4PTUT_1.jpg,227,227,handbag,1.9976,49.5541,227.0,183.5522
hdf5_4854_UG2IMKISXWM_1.jpg,227,227,handbag,5.9928,39.5661,227.0,186.5713
1XMJFPXR1CF_1.jpg,980,641,handbag,348.978,362.5496,592.998,572.5412
2JLSZLRCHUD_1.jpg,588,588,handbag,8.9964,161.5824,573.006,586.5888
J7YPJ24I4CP_1.jpg,784,784,handbag,51.9792,182.5936,625.0048,679.5712
JWGUGWIN8EE_1.jpg,1470,1470,handbag,219.03,624.603,1305.066,1439.571
K6U163SMJ4F_1.jpg,588,588,handbag,1.9992,113.5428,588.0,583.5312
6LGYV9YPCUG_1.jpg,784,784,handbag,214.032,252.6048,731.0016,706.5408
hdf5_4625_K0WSTDGIT5P_1.jpg,227,227,handbag,3.9952,59.5648,225.0024,215.5592
hdf5_5533_JDPG706IZZZ_1.jpg,227,227,handbag,0.9988,33.5506,226.0012,207.5688
QE6CVCI1MTQ_1.jpg,343,343,handbag,0.0,0.0,343.0,343.0
hdf5_5422_SEXB7TWVUJI_1.jpg,227,227,handbag,13.0071,105.555,214.9917,224.5711
hdf5_4921_GCTITT8XP1A_1.jpg,227,227,handbag,2.9964,52.5732,227.0,190.5665
E99MSCTRA4D_1.jpg,721,1105,handbag,5.9843,450.619,708.022,1079.585
hdf5_4578_YWHK04IDZDW_1.jpg,227,227,handbag,1.9976,45.9902,225.0024,227.0
5883OBYU43N_1.jpg,1176,1176,handbag,14.7,160.2888,1155.42,1114.848
hdf5_5214_EIR18362QSA_1.jpg,227,227,handbag,0.0,0.0,227.0,227.0
J8TOQCRQZKH_1.jpg,309,309,handbag,60.0078,109.5714,253.0092,297.567
hdf5_4653_GKBP0TGQ6VK_1.jpg,227,227,handbag,2.9964,71.0056,226.0012,225.0024
HOVNYFQC05S_1.jpg,299,728,handbag,2.0033,175.5936,112.0054,374.556
7MDT4IIQ3VT_1.jpg,392,490,handbag,50.0192,266.56,329.9856,452.564
hdf5_5316_3TFFL0EVYEC_1.jpg,227,227,handbag,59.9961,34.5721,227.0,182.5534
hdf5_5236_CUH21000F5T_1.jpg,227,227,handbag,0.0,0.0,227.0,227.0
CFK7WJOWJQY_1.jpg,675,980,handbag,4.995,669.536,387.99,917.574
MLVQ82UGA8G_1.jpg,961,961,handbag,147.1291,179.9953,821.7511,767.3585
hdf5_4787_07Y8LHZJX3A_1.jpg,227,227,handbag,18.0011,80.5623,206.0025,199.5557
hdf5_4914_L0OYI8LVM2N_1.jpg,227,227,handbag,32.007,3.5639,192.9954,225.5699
hdf5_5465_BVU53MJJOVD_1.jpg,227,227,handbag,10.0107,88.5527,222.006,227.0
hdf5_4912_9FUGLQTNIMJ_1.jpg,227,227,handbag,0.0,0.0,227.0,227.0
hdf5_5323_V5U0OUI00UJ_1.jpg,227,227,handbag,0.0,0.0,227.0,227.0
hdf5_5377_98J3IN1IOKW_1.jpg,227,227,handbag,2.9964,73.5707,227.0,222.5508
G4OLMTN85HA_1.jpg,486,549,handbag,6.8526,206.424,486.0,532.8594
hdf5_5183_2IDCHQ0OGKJ_1.jpg,227,227,handbag,8.9892,57.5672,204.0049,223.5723
FEF1YILDIFJ_1.jpg,748,1363,handbag,62.9816,665.5529,273.02,914.573
5KZE9EPYGTQ_1.jpg,231,307,handbag,119.0112,115.5548,206.9991,194.5766
0ZYBWD8UVYA_1.jpg,565,439,handbag,9.831,83.849,541.4395,418.0158
hdf5_4953_20O9724M7PG_1.jpg,227,227,handbag,22.9951,4.5627,211.9953,227.0
hdf5_5185_2FZ4RROWYAP_1.jpg,227,227,handbag,17.0023,4.5627,221.0072,224.5711
hdf5_5374_HXIOEP3JOYX_1.jpg,227,227,handbag,2.9964,93.5694,227.0,222.5508
FKX8F362E6I_1.jpg,447,559,handbag,26.4624,239.811,409.7649,518.3607
GCOIESYF55Y_1.jpg,1470,1470,handbag,37.926,404.544,1437.954,1438.542
hdf5_5144_NAL0FUNF12W_1.jpg,227,227,handbag,13.0071,84.5575,227.0,227.0
hdf5_5198_CW861UAB6RH_1.jpg,227,227,handbag,10.0107,65.5576,219.0096,227.0
EMHFBU0EO9H_1.jpg,569,569,handbag,17.9804,225.5516,569.0,529.5683
JLP7NENEK1H_1.jpg,588,588,handbag,5.88,72.0888,588.0,512.0892
hdf5_4711_SENQO6BB92Z_1.jpg,227,227,handbag,0.0,0.0,227.0,227.0
hdf5_5053_04GEVKVYJWS_1.jpg,227,227,handbag,1.9976,48.5553,225.0024,172.5654
hdf5_5250_4FGYS5GHBGM_1.jpg,227,227,handbag,0.0,0.0,227.0,227.0
FS5UW7KAFZN_1.jpg,1274,1063,handbag,614.068,478.5626,1239.9842,977.5348
hdf5_4594_SCOO8YA2R2D_1.jpg,227,227,handbag,11.9856,30.5542,213.9929,190.5665
hdf5_5269_XKKUKZOOE4D_1.jpg,227,227,handbag,4.994,87.5539,206.0025,226.5687
hdf5_4925_ALSQICHRSLB_1.jpg,227,227,handbag,1.9976,108.5514,227.0,227.0
hdf5_5618_KLTCJNB9MAV_1.jpg,227,227,handbag,0.0,58.566,227.0,212.5628
hdf5_4994_ABFNT0UD5BZ_1.jpg,227,227,handbag,1.9976,71.5504,227.0,226.5687
M5NATBLVRCM_1.jpg,544,673,handbag,2.992,233.531,541.008,673.0
FLIM4MKR1DY_1.jpg,388,388,handbag,10.0104,138.5548,384.0036,382.568
YZLT1ZCUNVH_1.jpg,588,588,handbag,10.9956,208.5636,577.0044,588.0
hdf5_5476_FC0YB05VOXR_1.jpg,227,227,handbag,4.994,40.5649,226.0012,186.5713
7V7WZ1U82WQ_1.jpg,627,713,handbag,164.0232,292.5439,424.9806,613.5365
hdf5_5314_M81LAPU1V7M_1.jpg,227,227,handbag,14.0059,65.5576,219.0096,209.5664
O9UEOZCBM6T_1.jpg,784,784,handbag,165.9728,227.5952,675.9648,578.592
hdf5_5179_11QOTQYVNQF_1.jpg,227,227,handbag,26.9903,65.5576,227.0,221.552
MQWA7MBA45J_1.jpg,459,794,handbag,269.0199,450.595,447.0201,630.5948
9QLSLO1UHRH_1.jpg,980,644,handbag,74.97,14.5544,950.012,600.5944
hdf5_4693_L5QHNQF3N5G_1.jpg,227,227,handbag,45.9902,47.5565,180.011,227.0
XQ339LKIM9X_1.jpg,1224,1568,handbag,13.7088,208.2304,1217.1456,1194.1888
hdf5_5581_05FPEZTEX7Y_1.jpg,227,227,handbag,13.0071,71.5504,223.0048,225.5699
5ORNFYLAM0F_1.jpg,686,411,handbag,379.015,135.5478,656.0218,380.5449
hdf5_4834_0FUU5BPNKHU_1.jpg,227,227,handbag,37.9998,73.5707,195.9918,222.5508
hdf5_4783_NHT42S37RTO_1.jpg,227,227,handbag,7.9904,17.5698,227.0,204.5724
hdf5_5359_GV0Y10S22CT_1.jpg,227,227,handbag,8.9892,4.5627,221.0072,227.0
hdf5_5216_RPV6ONHYILQ_1.jpg,227,227,handbag,3.9952,19.5674,227.0,207.5688
hdf5_4704_CHBEZOKC4TY_1.jpg,227,227,handbag,14.0059,19.5674,223.0048,221.552
JLAKJSBHXWQ_1.jpg,686,454,handbag,151.8804,106.463,531.1698,378.0912
hdf5_4680_LDVQCVFJ1HA_1.jpg,227,227,handbag,36.0022,88.5527,193.9942,222.5508
hdf5_4800_74PM0HOPGJN_1.jpg,227,227,handbag,1.9976,44.5601,225.0024,203.5736
hdf5_4967_C1P10OUPIGD_1.jpg,227,227,handbag,4.994,91.5718,227.0,222.5508
hdf5_4567_GXUK11OM25S_1.jpg,227,227,handbag,0.0,33.0058,227.0,203.0061
KX1Y1EM78LY_1.jpg,441,313,handbag,170.0055,163.5738,278.9766,281.5748
hdf5_5475_5A5NR3DJUDU_1.jpg,227,227,handbag,0.0,0.0,227.0,227.0
CZ7J3UI4JSI_1.jpg,466,466,handbag,30.989,113.5642,441.0224,437.574
hdf5_5477_VNYZCA3BFTN_1.jpg,227,227,handbag,0.0,0.0,227.0,227.0
UKGP8XLGFJA_1.jpg,628,620,handbag,54.008,164.548,542.9688,570.586
66A9N8ITO0N_1.jpg,784,784,handbag,13.0144,175.5376,762.9888,749.5824
YO0SG3HXXCD_1.jpg,546,627,handbag,66.0114,146.5926,486.9774,499.5936
hdf5_4992_H1NUUBP73AD_1.jpg,227,227,handbag,43.9926,68.554,182.0086,213.5616
EBQYXQ00QGP_1.jpg,330,588,handbag,0.0,65.2092,330.0,395.4888
SPE4FO58SWC_1.jpg,588,588,handbag,0.0,0.0,588.0,588.0
4AQCKAVU55A_1.jpg,721,929,handbag,121.4885,0.0,679.8309,436.63
RV9MPORCXCL_1.jpg,721,1105,handbag,26.0281,330.616,716.0251,958.5875
hdf5_4970_TY19BR9OXON_1.jpg,227,227,handbag,0.0,24.5614,227.0,208.5676
hdf5_5385_FLCDH3YFMFJ_1.jpg,227,227,handbag,28.0118,65.5576,227.0,212.5628
hdf5_5071_3T3T89695ZB_1.jpg,227,227,handbag,18.0011,68.554,208.0001,227.0
hdf5_4666_FPT00EN9WGR_1.jpg,227,227,handbag,1.9976,34.5721,195.9918,215.5592
ZHJ105REI9U_1.jpg,588,588,handbag,12.9948,139.5912,576.0048,568.5372
EBBC0WYHNHG_1.jpg,721,962,handbag,509.026,803.5586,695.9813,958.5368
21IU4ZO7G1Z_1.jpg,555,555,handbag,7.8255,95.682,547.1745,499.6665
hdf5_5315_KPPDNJTG6UM_1.jpg,227,227,handbag,2.9964,68.554,227.0,227.0
VH3KDWVTB2G_1.jpg,1255,1881,handbag,126.002,849.4596,1142.05,1643.6178
hdf5_4689_1X7TI17G2FL_1.jpg,227,227,handbag,18.0011,58.566,206.0025,217.5568
hdf5_5333_5JUE8QX40RH_1.jpg,227,227,handbag,0.0,0.0,227.0,227.0
DDIORZ8DTEZ_1.jpg,784,784,handbag,37.0048,237.552,716.0272,782.5888
hdf5_4607_67YEM2UMJPK_1.jpg,227,227,handbag,8.9892,74.5468,212.9941,182.5761
8BLSX17AW5O_1.jpg,461,461,handbag,33.0076,129.541,437.9961,419.5561
NNV69IU0F0I_1.jpg,588,588,handbag,6.8796,6.4092,585.06,516.0288
hdf5_5229_RZ9VS86JPCL_1.jpg,227,227,handbag,15.0047,59.5648,214.9917,216.558
BZ5TJU743IT_1.jpg,220,220,handbag,4.994,73.568,217.008,214.566
hdf5_5063_36KKT9SMGRG_1.jpg,227,227,handbag,13.0071,31.553,218.0108,214.5604
8TTRE99YMQU_1.jpg,559,419,handbag,31.9748,42.5704,463.0197,359.5439
X93CYSSTUSY_1.jpg,2940,1841,handbag,0.0,0.0,2940.0,1841.0
hdf5_5013_BRFAOBDAZTC_1.jpg,227,227,handbag,19.9987,62.5612,208.0001,226.5687
hdf5_5046_IAGDQW7FXSI_1.jpg,227,227,handbag,39.9974,23.5626,186.0038,203.5736
hdf5_4663_VRBR4YS83BG_1.jpg,227,227,handbag,1.9976,79.5635,227.0,210.5652
hdf5_5122_2KGVYKJ0W5K_1.jpg,227,227,handbag,0.0,0.0,227.0,227.0
hdf5_4924_SSZCNBQ44UM_1.jpg,227,227,handbag,0.0,0.0,227.0,227.0
YKZN7HIFK1J_1.jpg,721,1042,handbag,52.9214,245.5994,667.1413,705.3298
5TJNY12FLXM_1.jpg,1246,1562,handbag,122.9802,486.563,1079.036,1280.5276
QCZZ2KTZYMJ_1.jpg,299,785,handbag,0.0,261.562,213.9943,506.5605
HQGTAVDV5NQ_1.jpg,551,431,handbag,297.0992,26.0324,509.8403,343.3777
hdf5_5567_FK0NFCOD3CP_1.jpg,227,227,handbag,0.0,0.0,227.0,227.0
N263KDRASRJ_1.jpg,1052,1255,handbag,75.9544,476.5235,1018.9672,1240.5675
hdf5_5471_BXZTVVZ40MY_1.jpg,227,227,handbag,20.9975,76.5671,209.9977,227.0
hdf5_4836_3MRMH9ZO84C_1.jpg,227,227,handbag,24.9927,102.5586,208.9989,227.0
hdf5_4859_LE1KTG7GLTW_1.jpg,227,227,handbag,5.9928,22.5638,218.0108,220.5532
hdf5_5081_QVSAVL17MLY_1.jpg,227,227,handbag,2.9964,74.5695,227.0,227.0
hdf5_4587_ZT512YW6LVI_1.jpg,227,227,handbag,22.9951,97.5646,205.0037,227.0
CHMFAIPR5HR_1.jpg,333,265,handbag,9.7902,7.42,212.5206,264.576
hdf5_5174_GEL6XNVRXRQ_1.jpg,227,227,handbag,17.0023,58.566,214.9917,226.5687
GPSV2XG0ARV_1.jpg,313,313,handbag,3.9125,58.2493,313.0,310.6212
hdf5_4605_4F2QEA5VXRB_1.jpg,227,227,handbag,0.0,116.9958,227.0,226.0012
9LNWN514ODD_1.jpg,383,529,handbag,95.9798,311.581,291.0034,447.534
hdf5_5573_PE3RCTMJI1H_1.jpg,227,227,handbag,0.0,0.0,227.0,227.0
PRPH6F29XWR_1.jpg,486,588,handbag,17.01,65.562,473.9958,498.5652
hdf5_4743_X6O7FAJS49P_1.jpg,227,227,handbag,2.9964,27.5578,227.0,203.5736
hdf5_5370_9NY31JVLE1E_1.jpg,227,227,handbag,0.0,0.0,227.0,227.0
hdf5_4879_Z157V4MNGUV_1.jpg,227,227,handbag,0.0,0.0,227.0,227.0
hdf5_4619_0ZIE3TQ2LYB_1.jpg,227,227,handbag,0.0,0.0,227.0,227.0
5ZSF1KZWNEI_1.jpg,588,573,handbag,0.0,0.0,588.0,573.0
RTISBVODJJI_1.jpg,627,627,handbag,60.0039,51.5394,556.0236,593.5809
6872ZEFJ65A_1.jpg,309,309,handbag,72.9858,161.5761,237.003,301.5531
hdf5_5210_M1UTE1RCWFG_1.jpg,227,227,handbag,25.9915,50.5529,211.9953,221.552
VESUWYWNAJC_1.jpg,588,588,handbag,7.9968,160.5828,570.0072,588.0
1GD3T7L5SNW_1.jpg,309,309,handbag,66.0024,162.5649,267.9957,305.5701
18Z9TML14SF_1.jpg,1470,1470,handbag,142.149,259.308,1275.96,1234.359
hdf5_4804_2DV8ANEEDUR_1.jpg,227,227,handbag,18.9999,54.5708,205.0037,224.5711
hdf5_5474_W6EO27U2PFD_1.jpg,227,227,handbag,0.0,0.0,227.0,227.0
KSKS77HQ1MY_1.jpg,242,322,handbag,15.004,127.5764,229.0046,295.5638
hdf5_5132_KI00PF9RSFS_1.jpg,227,227,handbag,15.0047,117.5633,215.9905,218.5556
C1T6O8R2PHJ_1.jpg,627,542,handbag,110.7282,77.0182,523.1688,504.331
X2USFQM4KVD_1.jpg,735,735,handbag,87.9795,218.589,652.974,720.594
hdf5_5070_90W3IZ1X6CJ_1.jpg,227,227,handbag,0.0,0.0,227.0,227.0
AWG2OMHVY7P_1.jpg,522,784,handbag,244.818,421.9488,484.7814,645.3888
hdf5_5172_6YZ2YPUQSYT_1.jpg,227,227,handbag,10.0107,65.5576,222.006,219.5544
FRJQF46ZINQ_1.jpg,686,549,handbag,29.4294,9.3879,663.4306,534.8358
hdf5_5221_978YOE4PFMJ_1.jpg,227,227,handbag,30.0094,56.5684,198.9882,202.5748
hdf5_4979_GMQEVNNIDFK_1.jpg,227,227,handbag,5.9928,94.5682,225.0024,227.0
hdf5_4715_T8V3PN9VESB_1.jpg,227,227,handbag,38.9986,79.5635,188.0014,220.5532
hdf5_5266_I1GPQ5KWN2E_1.jpg,227,227,handbag,25.9915,67.5552,177.9907,187.5701
hdf5_5483_S3BJ7A2KPGA_1.jpg,227,227,handbag,30.0094,86.5551,189.999,227.0
hdf5_4867_6RKB7LDQXPN_1.jpg,227,227,handbag,7.9904,40.5649,225.0024,220.5532
hdf5_4923_IKQRV85NTIS_1.jpg,227,227,handbag,0.0,0.0,227.0,227.0
hdf5_4737_E0OICGAVALG_1.jpg,227,227,handbag,41.995,44.5601,204.0049,182.5534
hdf5_5292_B49VOHF5UDS_1.jpg,227,227,handbag,30.0094,103.5574,191.9966,224.5711
P8JFW0JIR6Y_1.jpg,980,980,handbag,54.978,197.568,388.962,459.522
J57N92WHNDQ_1.jpg,808,657,handbag,36.0368,269.5671,792.9712,609.5646
hdf5_5352_AQLQUHTENHJ_1.jpg,227,227,handbag,17.0023,65.5576,214.9917,224.5711
53C17UK24BD_1.jpg,320,461,handbag,16.992,219.5743,297.984,427.5775
hdf5_5375_99K5Z80B5GD_1.jpg,227,227,handbag,4.994,69.5528,217.012,215.5592
XQKRM4VDRDA_1.jpg,980,616,handbag,97.02,369.5384,351.036,548.548
TD00PSKK5KG_1.jpg,539,735,handbag,1.9943,99.5925,421.0129,397.5615
0L06SHR5LNL_1.jpg,231,346,handbag,24.9942,162.5508,224.0007,326.5548
L0XUBGJCGMB_1.jpg,231,312,handbag,0.9933,95.5656,162.0003,259.5528
hdf5_5284_BMTHEU9ES8A_1.jpg,227,227,handbag,3.9952,7.5591,225.0024,217.5568
hdf5_5479_J8YLI0YO8DA_1.jpg,227,227,handbag,7.9904,55.5696,212.9941,203.5736
hdf5_5445_SKJ4024EB9J_1.jpg,227,227,handbag,12.0083,57.5672,214.9917,211.564
hdf5_5639_EV3V78NFRKX_1.jpg,227,227,handbag,0.0,0.0,227.0,227.0
UKQ7CSQ80IO_1.jpg,627,627,handbag,1.0032,100.5708,616.0275,555.5847
hdf5_5252_4ZX6BOJEDZZ_1.jpg,227,227,handbag,46.989,110.5717,188.0014,227.0
hdf5_5007_O8PBLSJCAXE_1.jpg,227,227,handbag,1.9976,70.5516,226.0012,223.5723
hdf5_4705_C8RL0D68MZZ_1.jpg,227,227,handbag,1.9976,59.5648,227.0,204.5724
ES1NHO0UBVK_1.jpg,490,539,handbag,102.998,193.5549,391.02,401.555
hdf5_4601_7UIAHH9W4CT_1.jpg,227,227,handbag,0.0,0.0,227.0,227.0
hdf5_4891_D6PYH6YH7CN_1.jpg,227,227,handbag,24.9927,40.5649,208.0001,196.5593
hdf5_5447_YKWULU0WL2E_1.jpg,227,227,handbag,20.9975,68.554,208.0001,227.0
8IXI4Y4HOCY_1.jpg,268,357,handbag,3.0016,129.5553,268.0,350.574
UZIK0WB3RMU_1.jpg,313,313,handbag,4.8828,83.6962,199.5375,246.0493
KZQA72QMV5C_1.jpg,461,461,handbag,55.9193,220.2658,411.9496,449.7977
K0KQLG5OKIN_1.jpg,735,691,handbag,49.98,190.5778,680.022,564.547
hdf5_4976_MHWSU3MOIUW_1.jpg,227,227,handbag,0.0,0.0,227.0,227.0
hdf5_5378_R61EXD2MVYO_1.jpg,227,227,handbag,17.0023,78.5647,200.0097,175.5618
hdf5_5373_R59OUT5VEJA_1.jpg,227,227,handbag,23.9939,90.573,198.9882,221.552
XXS31N7M2BQ_1.jpg,906,1363,handbag,48.018,480.5938,482.9886,903.5327
hdf5_5466_8OK5G5LQ8YK_1.jpg,227,227,handbag,39.9974,89.5742,196.9906,227.0
PFDKHSB3N8V_1.jpg,627,627,handbag,53.9847,206.5338,559.9737,603.5502
O9QPFUMJFDQ_1.jpg,784,775,handbag,36.2208,67.27,764.4,729.43
3LXU4G4SP2F_1.jpg,348,348,handbag,0.0,0.0,348.0,348.0
hdf5_5199_2E6PSOTRBJV_1.jpg,227,227,handbag,2.9964,73.5707,227.0,210.5652
hdf5_4986_RXGA9EUWODS_1.jpg,227,227,handbag,0.0,0.0,227.0,227.0
GV1DQK47EPD_1.jpg,356,490,handbag,0.0,146.559,343.006,459.571
hdf5_5140_CTYP5BHEG8N_1.jpg,227,227,handbag,7.9904,94.5682,225.0024,227.0
hdf5_4667_LPGE27112YX_1.jpg,227,227,handbag,13.0071,77.5659,214.9917,216.558
1LTR0MM6BCM_1.jpg,588,588,handbag,7.8204,76.9692,585.06,506.2092
hdf5_5058_PL47ME0K08W_1.jpg,227,227,handbag,2.9964,38.5673,227.0,221.552
hdf5_5062_31MQQHVNUPZ_1.jpg,227,227,handbag,13.0071,68.554,212.9941,227.0
I2NKDJIICEH_1.jpg,1470,1570,handbag,5.88,16.171,1468.089,1440.318
hdf5_5539_3BUWHOHDO2I_1.jpg,227,227,handbag,0.0,0.0,227.0,227.0
FEUDNCT5D5G_1.jpg,193,479,handbag,73.9962,167.5542,193.0,301.5784
U9I90YYGX3E_1.jpg,220,220,handbag,15.994,35.552,220.0,193.556
hdf5_4812_M3BL6DCQD7A_1.jpg,227,227,handbag,12.0083,59.5648,212.9941,225.5699
hdf5_5188_S0XSB9S187A_1.jpg,227,227,handbag,7.9904,41.5637,227.0,213.5616
HX2WP7HJZZX_1.jpg,627,713,handbag,173.9925,266.5907,512.0082,585.5869
hdf5_5205_7V7QZMEU24X_1.jpg,227,227,handbag,17.0023,34.5721,208.0001,195.5605
62OL6W654HN_1.jpg,473,472,handbag,1.9866,206.5472,473.0,467.5632
hdf5_4765_W1FNBJAG8VQ_1.jpg,227,227,handbag,3.9952,46.5577,224.0036,191.5653
NI5NGK1L26I_1.jpg,588,588,handbag,0.9996,59.3292,586.0596,544.4292
hdf5_5170_8PY3UGZUUBJ_1.jpg,227,227,handbag,18.0011,45.5589,215.9905,210.5652
X4IPUMRF38D_1.jpg,392,392,handbag,9.996,186.5528,219.9904,390.5496
hdf5_4863_MGOVK8PKLWH_1.jpg,227,227,handbag,0.0,0.0,226.0012,215.9905
hdf5_4684_M9ILFXUFTER_1.jpg,227,227,handbag,69.008,133.5668,171.9979,226.5687
SN1TL9MOKGU_1.jpg,588,588,handbag,16.6404,82.8492,586.0596,509.1492
T7C1KNKYUJI_1.jpg,416,416,handbag,85.9872,193.5648,384.0096,416.0
hdf5_4664_123YLLQN98J_1.jpg,227,227,handbag,16.0035,35.5709,215.0144,219.0096
UGDXTMIMF4J_1.jpg,481,481,handbag,4.9062,78.1144,477.0558,408.8981
KEOO0QQTU6L_1.jpg,1003,1003,handbag,16.048,302.6051,990.964,981.5358
E5U127TPKRZ_1.jpg,441,441,handbag,6.8796,83.8341,434.1204,410.1741
hdf5_5150_WY0SQUOCZMA_1.jpg,227,227,handbag,8.9892,77.5659,227.0,223.5723
hdf5_5583_BFSOV5SXNJV_1.jpg,227,227,handbag,37.001,91.5718,192.9954,204.5724
hdf5_5386_8TN285RHR0N_1.jpg,227,227,handbag,41.995,85.5563,182.0086,227.0
hdf5_5431_ZOSQVWCDCNG_1.jpg,227,227,handbag,0.0,0.0,227.0,227.0
hdf5_5540_JMBFA14XBIQ_1.jpg,227,227,handbag,18.9999,81.5611,218.0108,216.558
M5SP8279TIP_1.jpg,354,354,handbag,9.8058,24.072,354.0,339.84
ZZJMXOSTP6B_1.jpg,447,559,handbag,30.396,232.9912,429.3435,530.1556
hdf5_4851_UEUUY3UE9BF_1.jpg,227,227,handbag,18.0011,68.554,221.0072,216.558
U1J09AGN5WL_1.jpg,721,842,handbag,42.9716,315.5816,707.0126,792.5746
hdf5_5461_7YV4KWMMRUW_1.jpg,227,227,handbag,6.9916,97.5646,214.9917,227.0
hdf5_4803_W0JLJASNUKU_1.jpg,227,227,handbag,6.9916,52.5732,227.0,194.5617
EDNWETAKUOJ_1.jpg,665,498,handbag,5.852,16.185,626.7625,477.0342
KYE5PT38E9B_1.jpg,313,313,handbag,6.0096,85.5742,313.0,308.5554
3GQXP3R92OW_1.jpg,588,588,handbag,6.8796,14.2884,583.1196,514.0884
hdf5_5145_9XVJ8CUWMEF_1.jpg,227,227,handbag,0.0,28.5566,227.0,202.5748
18JCFBXRSUT_1.jpg,507,507,handbag,34.2732,235.4508,463.9557,492.8547
hdf5_5609_8QMGTRYCS1X_1.jpg,227,227,handbag,26.9903,107.5526,198.9882,227.0
hdf5_5177_NUTMG5FWR3X_1.jpg,227,227,handbag,0.0,0.0,227.0,227.0
hdf5_5566_BURRJH72JFC_1.jpg,227,227,handbag,2.9964,72.5719,226.0012,227.0
hdf5_4906_47CO4JB8VLO_1.jpg,227,227,handbag,2.9964,40.5649,227.0,227.0
B6RIZXC9BGP_1.jpg,686,686,handbag,88.0138,236.5328,585.0208,685.5884
hdf5_4849_80ZEOUGCZAI_1.jpg,227,227,handbag,0.0,0.0,227.0,227.0
hdf5_4790_HMETRQB2TKO_1.jpg,227,227,handbag,1.9976,79.5635,227.0,226.5687
hdf5_5117_IMABW8MFYEW_1.jpg,227,227,handbag,32.007,53.572,201.0085,227.0
ADQK0KPUOBK_1.jpg,309,309,handbag,37.1418,153.0786,275.7516,297.8142
TBWXBKVOUCE_1.jpg,231,347,handbag,19.0113,86.5765,207.9924,347.0
B7QBFD5Y60T_1.jpg,348,316,handbag,73.0104,78.5576,266.0112,293.564
hdf5_4761_IC3YB1JNQVK_1.jpg,227,227,handbag,42.9938,95.567,176.9919,227.0
7XW5VS00ZHM_1.jpg,1129,991,handbag,58.8209,35.7751,1115.2262,912.2155
hdf5_5389_BI60H9WWSBS_1.jpg,227,227,handbag,0.9988,56.5684,223.0048,214.5604
hdf5_5202_WQEXIU7CASC_1.jpg,227,227,handbag,3.9952,25.5602,227.0,204.5724
hdf5_5235_WIRVLA92FFP_1.jpg,227,227,handbag,2.9964,68.554,227.0,212.5628
QRTGHH5MV8Y_1.jpg,258,313,handbag,7.998,102.5701,240.9978,290.5579
KTD85JKGUIZ_1.jpg,245,245,handbag,34.006,53.557,220.99,245.0
hdf5_5502_AXROSISKXIG_1.jpg,227,227,handbag,0.0,0.0,227.0,227.0
hdf5_5442_IX1IAYFK2PH_1.jpg,227,227,handbag,6.9916,51.5744,222.006,189.5677
hdf5_5467_4JLLKK47M9A_1.jpg,227,227,handbag,26.9903,50.5529,194.993,223.5723
QBFLJIW4BCJ_1.jpg,686,411,handbag,372.0178,215.5695,656.9822,411.0
hdf5_4610_7KM6T0ZX02R_1.jpg,227,227,handbag,3.9952,49.5541,227.0,227.0
R30UXPAB6PV_1.jpg,388,260,handbag,89.0072,60.554,316.996,260.0
hdf5_5114_6969YSDYWUA_1.jpg,227,227,handbag,6.9916,86.5551,227.0,227.0
hdf5_4757_MQ196OAUGYO_1.jpg,227,227,handbag,2.9964,51.5744,224.0036,209.5664
PNLHZGQA7XK_1.jpg,231,297,handbag,0.0,134.5707,216.0081,297.0
D4FTKR82NIA_1.jpg,1274,938,handbag,180.0162,570.5854,562.9806,858.5514
hdf5_4603_BJ2L7CT3KUW_1.jpg,227,227,handbag,34.0046,5.5615,196.9906,219.5544
hdf5_4784_7GU5QOG7GWS_1.jpg,227,227,handbag,18.9999,70.5516,207.0013,227.0
B1488H2NE7T_1.jpg,588,588,handbag,5.9976,146.5884,586.0008,588.0
hdf5_5272_QYGULGEH3DI_1.jpg,227,227,handbag,3.9952,58.566,227.0,227.0
hdf5_5267_7QO2BA0K6TG_1.jpg,227,227,handbag,15.0047,64.5588,205.0037,222.5508
WGOQQQ1HPYV_1.jpg,784,1960,handbag,402.976,472.556,602.0336,608.58
hdf5_5401_R2HKLHT6FKK_1.jpg,227,227,handbag,1.9976,71.5504,227.0,227.0
hdf5_5184_7FOX8NLVHYD_1.jpg,227,227,handbag,33.0058,3.5639,192.9954,224.5711
YFIM845KYCU_1.jpg,738,737,handbag,52.029,384.5666,505.9728,737.0
hdf5_4762_E8YQI5K34UM_1.jpg,227,227,handbag,0.0,0.0,227.0,227.0
UYP93PC9JZJ_1.jpg,354,354,handbag,18.6204,35.8602,340.2648,325.149
hdf5_5403_XXOCG0ICCWZ_1.jpg,227,227,handbag,24.9927,69.5528,203.0061,227.0
hdf5_5636_YAR24O0DB3J_1.jpg,227,227,handbag,19.9987,109.5502,192.9954,227.0
EPIOMZKP4GZ_1.jpg,360,564,handbag,195.012,337.554,360.0,481.5432
8B6ZSPXEK8A_1.jpg,588,588,handbag,4.8804,114.2484,581.1204,485.6292
hdf5_5568_7PTCUBOZS1T_1.jpg,227,227,handbag,11.0095,41.5637,215.9905,227.0
hdf5_5487_I89NVL5H3LI_1.jpg,227,227,handbag,7.9904,67.5552,226.0012,215.5592
hdf5_4899_LVC7HFLOZYK_1.jpg,227,227,handbag,7.9904,32.5518,227.0,197.5581
VXTZ1LLKGOC_1.jpg,490,490,handbag,13.72,166.159,483.14,440.559
CVXRCWVAMZS_1.jpg,392,374,handbag,0.0,0.0,392.0,374.0
hdf5_5249_8BX4XEQSQRQ_1.jpg,227,227,handbag,6.9916,78.5647,223.0048,227.0
hdf5_5082_FEAYXQRI2DQ_1.jpg,227,227,handbag,18.9999,26.559,200.0097,194.5617
hdf5_4887_78Z1X92U59C_1.jpg,227,227,handbag,2.9964,102.5586,222.006,225.5699
hdf5_4756_3MK6OI6R7VJ_1.jpg,227,227,handbag,40.9962,58.566,175.9931,227.0
VGWK51ZK03G_1.jpg,558,558,handbag,69.9732,81.5796,478.9872,533.5596
hdf5_4838_4NVPBU6GKVV_1.jpg,227,227,handbag,21.9963,87.5539,227.0,226.5687
hdf5_4679_CYHTKBKD88F_1.jpg,227,227,handbag,0.0,0.0,227.0,227.0
hdf5_5146_R1Q2KLC6CYT_1.jpg,227,227,handbag,10.0107,76.5671,213.9929,213.5616
6GGMRKT95EM_1.jpg,1019,1317,handbag,9.9862,432.5028,1001.9827,1167.5205
RU02MGNP3QA_1.jpg,2817,2211,handbag,551.0052,408.5928,2280.9249,1607.6181
hdf5_5513_LXQ08Z0SZ4K_1.jpg,227,227,handbag,20.9975,73.5707,208.0001,226.5687
hdf5_4808_WFMX9IK9S5B_1.jpg,227,227,handbag,4.994,62.5612,227.0,225.5699
hdf5_5232_O95BSB4ULMP_1.jpg,227,227,handbag,7.9904,14.5734,224.0036,212.5628
4NEJU3XGVHP_1.jpg,231,347,handbag,0.0,124.573,231.0,300.5714
HHEH8GPORDN_1.jpg,309,309,handbag,19.9923,124.5579,291.0162,299.5755
O1OMXE1Z4JK_1.jpg,980,1346,handbag,3.038,486.579,956.97,1329.5788
hdf5_5010_MJVHGTFLBLK_1.jpg,227,227,handbag,33.0058,35.5709,197.9894,221.552
Y1LGQHSX9JY_1.jpg,1470,1470,handbag,206.976,574.623,1258.026,1401.498
PZDYYYW7C4M_1.jpg,388,226,handbag,50.9832,0.0,386.9912,205.5696
hdf5_5148_BJDA6JSE8HT_1.jpg,227,227,handbag,3.9952,24.5614,223.0048,214.5604
C410N22GL7F_1.jpg,1255,705,handbag,46.937,370.548,344.9995,705.0
hdf5_5429_T77OYMIDOVI_1.jpg,227,227,handbag,5.9928,11.5543,219.0096,218.5556
hdf5_5341_10EKFME9NHV_1.jpg,227,227,handbag,22.9951,61.5624,208.0001,213.5616
hdf5_5318_SLUKXZZ1XQK_1.jpg,227,227,handbag,3.9952,93.5694,227.0,227.0
6XQOIKRKASH_1.jpg,581,460,handbag,33.3494,97.658,545.6752,439.944
XJFMWE796FQ_1.jpg,588,408,handbag,93.0216,120.564,436.002,408.0
hdf5_5044_T9SNRT26JSH_1.jpg,227,227,handbag,3.9952,41.5637,222.006,227.0
YDZN3OIV0GM_1.jpg,309,309,handbag,41.0043,157.5591,248.9922,302.5728
VHKXRAE05NH_1.jpg,705,638,handbag,3.0315,2.552,694.989,489.5374
NBMWM7X7XTX_1.jpg,299,785,handbag,67.0059,298.5355,287.9968,447.5285
ELILGW0RLUX_1.jpg,671,804,handbag,165.8041,0.0,666.1017,355.0464
hdf5_5345_A65YMLZ79HR_1.jpg,227,227,handbag,32.007,72.5719,189.999,227.0
hdf5_4717_PMNLWTFVMMV_1.jpg,227,227,handbag,0.0,0.0,227.0,227.0
hdf5_5231_X5Q6YP2GMQK_1.jpg,227,227,handbag,19.9987,1.5663,196.9906,226.5687
ZFZD5QAF58G_1.jpg,721,816,handbag,57.9684,206.5296,193.0117,373.5648
hdf5_4629_58FOUZ8L03K_1.jpg,227,227,handbag,0.0,0.0,227.0,227.0
hdf5_4596_78O2V81S05E_1.jpg,227,227,handbag,16.0035,67.5552,209.9977,215.5592
V3NAZKY4Q7L_1.jpg,980,586,handbag,671.986,343.5718,900.032,540.585
3OADHAH31QI_1.jpg,735,490,handbag,115.983,6.566,566.0235,376.565
Z6V0U6JFWEG_1.jpg,621,1274,handbag,345.7728,662.9896,511.2693,838.4194
hdf5_4733_U4SU7KU0KAH_1.jpg,227,227,handbag,16.0035,17.5698,215.9905,177.5594
FD9BORGQNIF_1.jpg,705,509,handbag,337.977,163.5417,648.036,502.5866
hdf5_5321_6UYRGO30RNN_1.jpg,227,227,handbag,19.9987,77.5659,206.0025,217.5568
hdf5_5516_TT7TSQLB2EI_1.jpg,227,227,handbag,0.0,0.0,227.0,227.0
hdf5_4635_WA17LTK0WJD_1.jpg,227,227,handbag,3.9952,59.5648,226.0012,177.5594
hdf5_4862_UOBED2W6IUA_1.jpg,227,227,handbag,29.0106,48.5553,214.9917,222.5508
hdf5_5572_SSIDDUFIWRH_1.jpg,227,227,handbag,2.9964,99.5622,227.0,227.0
NXP1WFZVJ0P_1.jpg,294,270,handbag,0.0,0.0,294.0,270.0
WD1G50O7KEP_1.jpg,686,411,handbag,10.0156,156.5499,247.989,329.5809
hdf5_5472_F9RQPCCH15K_1.jpg,227,227,handbag,45.9902,91.5718,190.9978,199.5557
M1G2MWKNDJY_1.jpg,1176,1176,handbag,134.064,511.56,1017.9456,1097.5608
hdf5_4618_B4QNN5JYT6F_1.jpg,227,227,handbag,0.0,110.0042,227.0,227.0
hdf5_5383_5IDUHSVJWDU_1.jpg,227,227,handbag,0.0,0.0,227.0,227.0
MXKVDA1Z5NW_1.jpg,569,569,handbag,3.983,205.5797,563.9928,569.0
CAWWJDBPHBD_1.jpg,784,588,handbag,75.9696,90.552,712.0288,501.564
hdf5_4660_TTN62C0LG6U_1.jpg,227,227,handbag,41.995,76.5671,185.005,221.0072
ZCJJBC9B3TO_1.jpg,569,1705,handbag,8.9902,750.541,515.0019,1124.618
4JO5UGB9Z5L_1.jpg,784,784,handbag,59.976,298.5472,727.0032,765.576
J6ZFHDA4AUP_1.jpg,721,798,handbag,0.0,120.9768,721.0,663.4572
Y5VHK6Q0LVB_1.jpg,490,490,handbag,122.99,284.543,370.979,490.0
hdf5_4999_UZ6B3DIC3IZ_1.jpg,227,227,handbag,19.9987,22.5638,217.012,176.5606
DNL9X7MGMCF_1.jpg,607,380,handbag,434.9762,246.544,556.9832,333.564
hdf5_5135_GO52VU6F60D_1.jpg,227,227,handbag,34.0046,59.5648,227.0,219.5544
ZY8N860WO0Y_1.jpg,784,784,handbag,74.0096,232.5344,746.9952,778.5904
PRQOWFS9PYB_1.jpg,846,1363,handbag,0.0,671.5501,308.0286,1059.5962
RLPGEJJBGXB_1.jpg,735,490,handbag,82.32,24.059,719.3445,462.119
hdf5_4724_RB0PW0HSJ4D_1.jpg,227,227,handbag,22.9951,47.5565,206.0025,200.5545
hdf5_4827_HACSGFLLEFE_1.jpg,227,227,handbag,3.9952,80.5623,227.0,227.0
SYNT03VDX8M_1.jpg,621,795,handbag,292.9878,379.533,545.9832,722.5755
AMW7DWYNTUE_1.jpg,621,665,handbag,146.9907,251.5695,267.03,409.5735
hdf5_5029_EBLEVRT0UFG_1.jpg,227,227,handbag,0.0,0.0,227.0,227.0
hdf5_5123_Y6PB7LWNRHY_1.jpg,227,227,handbag,1.9976,94.5682,227.0,227.0
HDY6EW5C5RQ_1.jpg,607,323,handbag,210.022,165.5698,404.9904,319.5762
EU4WGJUET4D_1.jpg,559,936,handbag,53.9994,193.5648,487.0008,752.544
hdf5_5570_W4A6QWLM82B_1.jpg,227,227,handbag,14.0059,85.5563,212.9941,227.0
TCDFDA37D1K_1.jpg,588,714,handbag,28.9884,77.5404,548.016,712.572
TA5WDRZLFLR_1.jpg,331,461,handbag,99.9951,213.5813,316.0057,416.5596
hdf5_4960_X8GKXSAPGBL_1.jpg,227,227,handbag,4.994,12.5531,225.0024,221.552
3QSG9H973EA_1.jpg,621,682,handbag,21.9834,429.5918,189.0324,566.5374
hdf5_5282_QK2VKH2527U_1.jpg,227,227,handbag,3.9952,31.553,227.0,186.5713
L8RIAILG1VQ_1.jpg,784,784,handbag,136.024,307.5632,684.9808,784.0
7WI818K9AKY_1.jpg,588,588,handbag,98.0196,213.5616,573.006,572.5944
hdf5_5309_OZKLECR3QLP_1.jpg,227,227,handbag,24.9927,2.5651,210.9965,225.5699
hdf5_4918_1ADIH83NHVY_1.jpg,227,227,handbag,26.9903,101.5598,206.0025,226.5687
hdf5_5644_9HXROKGMKDU_1.jpg,227,227,handbag,0.0,0.0,227.0,227.0
hdf5_5626_1SHXFWI8TYE_1.jpg,227,227,handbag,0.0,0.0,227.0,227.0
hdf5_5279_RW7RF71OMDD_1.jpg,227,227,handbag,2.9964,16.571,224.0036,218.5556
hdf5_4904_6K716B73YZV_1.jpg,227,227,handbag,0.0,0.0,227.0,227.0
U4G5JDB24QF_1.jpg,528,792,handbag,13.992,349.5888,421.0272,653.5584
TG3NVHRIPAV_1.jpg,1470,1470,handbag,155.967,493.626,1275.078,1375.626
531BVT3XDUI_1.jpg,721,721,handbag,20.9811,261.5788,694.0346,721.0
hdf5_4678_1TL9C46VCYG_1.jpg,227,227,handbag,1.9976,67.5552,226.0012,179.557
hdf5_4847_EYWKZ1QQF2E_1.jpg,227,227,handbag,0.0,0.0,227.0,227.0
hdf5_5137_U0JIWINEG4L_1.jpg,227,227,handbag,6.9916,64.5588,227.0,218.5556
hdf5_5388_XWIZU38N7EM_1.jpg,227,227,handbag,6.9916,54.5708,227.0,204.5724
EILBICHJFKH_1.jpg,784,784,handbag,27.9888,181.5744,765.968,600.544
ITFV3G9LXUL_1.jpg,333,265,handbag,6.8598,11.342,327.1392,260.654
W7AIUYNPPNX_1.jpg,354,446,handbag,0.0,89.5568,350.991,414.557
5QUJ7X5HR1L_1.jpg,392,357,handbag,242.0208,67.5444,346.9984,170.5746
hdf5_5415_5MJBP1JWOSH_1.jpg,227,227,handbag,10.0107,17.5698,221.0072,201.5533
6WJ2D5P6E4V_1.jpg,333,265,handbag,3.9294,34.9005,322.2108,239.0565
hdf5_5153_Y13RGK7T57I_1.jpg,227,227,handbag,3.9952,95.567,227.0,227.0
hdf5_4658_1JSYFT52YJA_1.jpg,227,227,handbag,0.0,0.0,227.0,227.0
PV8G043H0WN_1.jpg,784,784,handbag,30.0272,188.552,764.008,714.5376
CVPIBMB24HQ_1.jpg,2352,2352,handbag,463.5792,271.8912,2065.7616,2030.2464
hdf5_4944_AN9D1DMEPZM_1.jpg,227,227,handbag,0.0,0.0,227.0,227.0
4RCHQEVXACI_1.jpg,231,231,handbag,3.9039,23.0538,228.0663,206.0982
hdf5_4929_7CVU1ZMA33S_1.jpg,227,227,handbag,11.0095,62.5612,211.9953,208.5676
P3RUBAPWFAQ_1.jpg,471,627,handbag,30.9918,251.5524,457.0113,622.5483
hdf5_5154_PR02WYUAU6Z_1.jpg,227,227,handbag,26.9903,74.5695,215.9905,223.5723
hdf5_4697_0248UZDF3JS_1.jpg,227,227,handbag,4.994,39.5661,226.0012,193.5629
hdf5_5024_2S64AGU25NP_1.jpg,227,227,handbag,0.0,0.0,227.0,227.0
hdf5_5600_1CT3TQV0HTG_1.jpg,227,227,handbag,24.9927,100.561,200.0097,227.0
hdf5_5289_EWFMEZ2663K_1.jpg,227,227,handbag,5.9928,38.5673,219.0096,187.5701
hdf5_5531_DR64TG0RS5B_1.jpg,227,227,handbag,2.9964,72.5719,225.0024,227.0
hdf5_5206_TJ39VTP8QKT_1.jpg,227,227,handbag,56.0009,88.5527,171.9979,183.5522
XEV1DYV1R0W_1.jpg,1107,588,handbag,261.0306,105.546,832.0212,579.5328
OLFVTSLFV1F_1.jpg,686,411,handbag,3.9788,133.575,346.0184,403.5609
N79NBI19XKZ_1.jpg,980,1568,handbag,181.986,880.5888,612.01,1236.5248
93UAW9ER8WU_1.jpg,490,368,handbag,183.995,226.5776,308.014,331.568
hdf5_5293_OCI958VE0IB_1.jpg,227,227,handbag,32.007,9.5567,208.0001,222.5508
hdf5_5427_RAH532M6VKL_1.jpg,227,227,handbag,6.9916,65.5576,223.0048,225.5699
hdf5_5164_V357PQ6FENJ_1.jpg,227,227,handbag,0.0,0.0,227.0,227.0
hdf5_5571_CEJCUDK55BM_1.jpg,227,227,handbag,11.0095,30.5542,225.0024,217.5568
LUSJAN0MP6X_1.jpg,784,784,handbag,412.5408,412.1488,754.6,614.0288
hdf5_5468_WDMAEJW42UZ_1.jpg,227,227,handbag,13.0071,97.5646,222.006,227.0
hdf5_5360_V4MH3I2Q3VT_1.jpg,227,227,handbag,29.0106,61.5624,227.0,210.5652
hdf5_5160_MLLW40QK10O_1.jpg,227,227,handbag,56.9997,41.5637,225.0024,196.5593
8L37MR8N39U_1.jpg,539,539,handbag,12.0197,191.5606,504.9891,528.5434
hdf5_4744_SZP10OFW2RM_1.jpg,227,227,handbag,4.994,77.5659,223.0048,215.5592
20BUGNW5G5V_1.jpg,461,491,handbag,33.0076,176.5636,439.0103,490.5581
hdf5_4766_LYWUWPWSEQK_1.jpg,227,227,handbag,1.9976,62.5612,227.0,181.5546
hdf5_5648_HUJL8OXLYHK_1.jpg,227,227,handbag,21.9963,77.5659,198.9882,227.0
Y31DV9CKF7E_1.jpg,313,313,handbag,41.003,100.5669,252.9979,313.0
hdf5_5026_DNSID9TB4JF_1.jpg,227,227,handbag,0.0,0.0,227.0,227.0
V4XB91ZL5YT_1.jpg,980,812,handbag,137.004,313.5944,818.006,783.58
hdf5_4869_TP5NLVAA8GK_1.jpg,227,227,handbag,35.0034,73.5707,190.9978,227.0
hdf5_5047_64ST3OLKAEC_1.jpg,227,227,handbag,4.994,37.5685,227.0,205.5712
8JFXAGI1UQY_1.jpg,2940,2081,handbag,0.0,0.0,2940.0,2081.0
hdf5_4669_VTQNF7O68SW_1.jpg,227,227,handbag,0.0,52.0057,227.0,224.0036
A2KCHG12UJR_1.jpg,588,588,handbag,55.9776,184.5732,518.028,549.5448
RVGKQGEFI8D_1.jpg,728,582,handbag,50.0136,143.5794,626.0072,580.545
hdf5_5357_Q5S3FHH7O3O_1.jpg,227,227,handbag,4.994,8.5579,225.0024,214.5604
9KTK2TQT8JC_1.jpg,588,588,handbag,3.9396,114.2484,588.0,479.7492
hdf5_5635_WPG7AYAZ2HD_1.jpg,227,227,handbag,13.0071,73.5707,209.9977,227.0
9TFUBKW22UI_1.jpg,588,588,handbag,6.8796,90.7284,582.12,482.6892
hdf5_4828_XHDXPREV7CE_1.jpg,227,227,handbag,3.9952,27.5578,227.0,203.5736
hdf5_5367_IK6YE1Q493Z_1.jpg,227,227,handbag,1.9976,90.573,227.0,225.5699
8DSBAH12K4N_1.jpg,1255,705,handbag,35.2655,19.176,1072.6485,683.004
hdf5_4839_ZCSALK7QWIR_1.jpg,227,227,handbag,1.9976,65.5576,227.0,227.0
IVR6W7JNRVY_1.jpg,721,1081,handbag,0.0,381.593,721.0,896.5814
hdf5_5495_V5HHJIBMS1S_1.jpg,227,227,handbag,28.0118,53.572,192.9954,211.564
BTG53GHCJ2G_1.jpg,735,735,handbag,122.5245,12.348,588.0,702.219
GTCT7H911CS_1.jpg,426,569,handbag,134.0196,335.5393,291.0006,448.5427
hdf5_4968_OJ07DCQR29P_1.jpg,227,227,handbag,8.9892,9.5567,221.0072,225.5699
T16EYYKRTZI_1.jpg,2352,2352,handbag,20.6976,486.6288,2321.6592,1859.4912
hdf5_5055_7XPCQF1YN2J_1.jpg,227,227,handbag,11.0095,66.5564,214.9917,226.5687
hdf5_5562_ZT0JE9AS2ZR_1.jpg,227,227,handbag,1.9976,56.5684,227.0,227.0
hdf5_4901_FAKGBKRSVGQ_1.jpg,227,227,handbag,2.9964,82.5599,227.0,219.5544
RRSYMYHXE6L_1.jpg,447,559,handbag,13.7229,238.8607,423.4878,532.1121
hdf5_4654_OBUZ2QRNXNL_1.jpg,227,227,handbag,0.0,0.0,227.0,227.0
04AT2SBD6SG_1.jpg,294,294,handbag,5.9976,66.5616,294.0,294.0
hdf5_5308_JU6RQMP63FU_1.jpg,227,227,handbag,28.0118,4.5627,215.9905,226.5687
hdf5_4600_RRDUHV3W73C_1.jpg,227,227,handbag,4.994,94.5682,224.0036,218.5556
hdf5_4907_XALI3UMECNZ_1.jpg,227,227,handbag,2.9964,63.56,227.0,225.5699
hdf5_5126_5O5UJ0MIQRX_1.jpg,227,227,handbag,4.994,48.5553,226.0012,192.5641
hdf5_4763_T9X2DI2HFJF_1.jpg,227,227,handbag,4.994,40.5649,219.0096,181.5546
hdf5_5133_VPLLVOUSXLL_1.jpg,227,227,handbag,31.0082,45.5589,202.0073,167.5714
hdf5_5398_XF3WH6WDVWX_1.jpg,227,227,handbag,37.9998,42.5625,188.0014,181.5546
5FPUH8LMOOO_1.jpg,849,1363,handbag,65.9673,686.5431,287.9808,911.5744
218TXQYCJWN_1.jpg,953,953,handbag,148.0009,299.5279,811.956,853.6021
TVJHXSJI4JE_1.jpg,627,471,handbag,85.0212,130.5612,525.9903,471.0
hdf5_4951_ISPN40RZZKO_1.jpg,227,227,handbag,1.9976,11.5543,227.0,220.5532
hdf5_5512_PE8NH0IJ02X_1.jpg,227,227,handbag,3.9952,95.567,227.0,227.0
O1IFSD1XZDI_1.jpg,980,589,handbag,481.964,386.5607,690.018,567.5604
hdf5_5297_TTB89O0EK4V_1.jpg,227,227,handbag,0.0,0.0,227.0,227.0
hdf5_5076_1GPPHVY5NLS_1.jpg,227,227,handbag,0.0,0.0,227.0,227.0
8QNGLOVDXQW_1.jpg,684,510,handbag,40.9716,202.572,648.9792,509.541
3EVU71MYOTW_1.jpg,982,784,handbag,507.9886,243.5888,922.9818,676.592
R4GR7XYJ2DD_1.jpg,766,784,handbag,453.0124,202.5856,744.0158,484.5904
Y07EQKAD65L_1.jpg,980,980,handbag,116.032,309.582,901.012,937.566
hdf5_4741_DKH3FRUAUDI_1.jpg,227,227,handbag,4.994,56.5684,220.0084,221.552
hdf5_5597_RHQH8URLAWY_1.jpg,227,227,handbag,17.0023,49.5541,214.9917,226.5687
hdf5_5006_3VNYDA7IYPL_1.jpg,227,227,handbag,43.9926,86.5551,187.0026,189.5677
9WPZ4AIZOKH_1.jpg,196,255,handbag,0.0,32.5635,192.0016,218.5605
JJE1F7MZC6X_1.jpg,489,489,handbag,75.0126,175.551,413.9874,489.0
hdf5_4640_PZ66BR88Z3R_1.jpg,227,227,handbag,5.9928,56.9997,227.0,227.0
JQRDWKCM83O_1.jpg,558,476,handbag,26.0028,81.5864,546.003,469.574
hdf5_5248_H637FD09PVF_1.jpg,227,227,handbag,18.9999,11.5543,208.9989,186.5713
IO192JCVDUM_1.jpg,629,587,handbag,119.0068,49.5428,557.9859,587.0
VEXDBBT9TNZ_1.jpg,309,309,handbag,49.8726,145.2609,245.4387,304.674
QLS6NYNCVSR_1.jpg,691,980,handbag,443.0001,628.572,639.0368,840.546
hdf5_5243_B90QIJZHH8P_1.jpg,227,227,handbag,18.0011,39.5661,214.9917,184.551
V25EOREKQET_1.jpg,333,265,handbag,0.0,0.0,333.0,265.0
hdf5_4675_P0354PKNFIJ_1.jpg,227,227,handbag,37.001,62.5612,204.0049,222.5735
hdf5_4736_IJ4FDFOLE4J_1.jpg,227,227,handbag,12.0083,59.5648,219.0096,225.5699
hdf5_5382_NJ8MDJ6A0JL_1.jpg,227,227,handbag,37.001,86.5551,189.0002,226.5687
hdf5_5240_UBUK88EGRUC_1.jpg,227,227,handbag,38.9986,85.5563,187.0026,223.5723
PJZSLE54TEM_1.jpg,445,535,handbag,76.006,100.58,445.0,534.572
hdf5_4785_YSIG1KFJR4Z_1.jpg,227,227,handbag,2.9964,4.5627,227.0,211.564
V59A7U93OJV_1.jpg,441,441,handbag,56.007,166.5657,389.0061,441.0
hdf5_4823_70X0CBUT4ME_1.jpg,227,227,handbag,3.9952,53.572,224.0036,227.0
hdf5_5268_5LS4Y5Y3LLQ_1.jpg,227,227,handbag,0.0,0.0,227.0,227.0
5OUKX3K5MRN_1.jpg,609,660,handbag,47.0148,321.552,599.9868,651.552
OIY67Z6BYJT_1.jpg,980,532,handbag,322.028,304.57,538.02,503.5912
6L8RVZLBKGG_1.jpg,231,307,handbag,31.9935,149.5704,183.9915,306.5702
hdf5_5277_WG7B2RH2IKR_1.jpg,227,227,handbag,12.0083,18.5686,212.9941,212.5628
hdf5_5342_EAGR5LKTQEX_1.jpg,227,227,handbag,41.995,114.5669,187.0026,227.0
hdf5_5519_G3RKXGPGWAJ_1.jpg,227,227,handbag,0.0,0.0,227.0,227.0
hdf5_4562_HY0EHO8QXII_1.jpg,227,227,handbag,0.0,0.0,227.0,227.0
hdf5_4939_1ZLKU26ZU1Y_1.jpg,227,227,handbag,21.9963,15.5722,200.0097,214.5604
GDKSK10JTQD_1.jpg,241,348,handbag,4.0006,139.548,239.9878,348.0
hdf5_5019_D7C1M5ZTG9H_1.jpg,227,227,handbag,28.0118,96.5658,168.0027,202.5748
SX3QTSQ11FX_1.jpg,731,699,handbag,14.0352,209.5602,710.9706,699.0
hdf5_5619_BYPVIQX062K_1.jpg,227,227,handbag,2.9964,80.5623,225.0024,227.0
hdf5_5484_WCBTULM1YZK_1.jpg,227,227,handbag,0.0,0.0,227.0,227.0
hdf5_5384_87I59WZAIXB_1.jpg,227,227,handbag,10.0107,28.5566,214.9917,192.5641
hdf5_5052_EY03EC18INJ_1.jpg,227,227,handbag,5.9928,45.5589,208.0001,218.5556
RBHZZR1N0WG_1.jpg,1255,705,handbag,124.496,98.4885,1169.66,619.413
PZF57CYW1LV_1.jpg,740,980,handbag,0.0,0.0,740.0,980.0
hdf5_5217_ASME08NT63C_1.jpg,227,227,handbag,2.9964,4.5627,227.0,212.5628
hdf5_4738_8GI6TRSQZJQ_1.jpg,227,227,handbag,0.0,0.0,227.0,227.0
QWZUNI90RQH_1.jpg,784,784,handbag,25.48,107.408,771.2992,767.8496
hdf5_4840_YDDOAU7Y1IS_1.jpg,227,227,handbag,11.0095,75.5683,210.9965,226.5687
hdf5_5021_WWRQDXSA1FX_1.jpg,227,227,handbag,1.9976,40.5649,227.0,214.5604
GCSTU28KFQH_1.jpg,509,981,handbag,211.4386,478.3356,431.6829,691.8012
hdf5_4825_LXFZECKB68X_1.jpg,227,227,handbag,0.0,0.0,227.0,227.0
hdf5_5142_XXN3Z4S7PEE_1.jpg,227,227,handbag,4.994,66.5564,222.006,227.0
293P7G9A1JS_1.jpg,730,606,handbag,3.942,3.5148,727.08,606.0
XBGWWQE98KF_1.jpg,348,348,handbag,50.0076,135.5808,285.012,332.5488
913X6X845DG_1.jpg,588,588,handbag,16.6404,151.4688,565.4796,454.2888
hdf5_5189_LL3ZDMXU32G_1.jpg,227,227,handbag,21.9963,84.5575,217.012,227.0
hdf5_4580_QIAKBXYZ6GY_1.jpg,227,227,handbag,1.9976,83.99,226.0012,227.0
3C3U2U8PRFV_1.jpg,539,449,handbag,262.0079,119.5687,504.0189,292.5684
TJT20TKH5AU_1.jpg,1568,1029,handbag,312.032,258.5877,1213.0048,903.5649
FICCYIN34VW_1.jpg,980,980,handbag,3.92,206.388,974.12,706.188
hdf5_4708_9VEQN55N5DO_1.jpg,227,227,handbag,17.0023,22.5638,200.0097,207.5688
hdf5_5128_6S99DZ85VTI_1.jpg,227,227,handbag,3.9952,83.5587,227.0,222.5508
7GJO24GPQ0T_1.jpg,559,775,handbag,77.0302,328.6,493.9883,699.5925
QCRWJS2J2JB_1.jpg,721,800,handbag,32.3008,46.56,669.088,705.6
hdf5_4631_I5ATT04QISL_1.jpg,227,227,handbag,0.0,96.9971,224.0036,227.0
T0KH4Q3D7OI_1.jpg,588,588,handbag,2.9988,141.5904,586.0008,557.5416
0W3XSW6VC6N_1.jpg,313,313,handbag,5.008,54.5559,306.9904,253.5613
hdf5_4574_CHYFZLH9C7E_1.jpg,227,227,handbag,0.9988,69.008,223.0048,218.0108
JNJEWCZ06DN_1.jpg,863,647,handbag,37.2816,3.4938,812.946,642.6651
hdf5_4883_0KWNTT6QEEM_1.jpg,227,227,handbag,17.0023,43.5613,221.0072,223.5723
hdf5_5155_04GVLWJCYJU_1.jpg,227,227,handbag,12.0083,4.5627,221.0072,226.5687
hdf5_4837_YUNZCUKSO5V_1.jpg,227,227,handbag,36.0022,93.5694,182.0086,219.5544
C653ZDDV7SP_1.jpg,980,647,handbag,208.74,123.0594,793.8,575.9594
hdf5_5538_8EPI2XFNEEA_1.jpg,227,227,handbag,7.9904,82.5599,219.0096,212.5628
hdf5_5565_2OHF36QVPCR_1.jpg,227,227,handbag,1.9976,84.5575,227.0,218.5556
hdf5_4855_RID0ZDD3T0U_1.jpg,227,227,handbag,11.0095,28.5566,212.9941,194.5617
F5AI30RAL7Z_1.jpg,849,1363,handbag,264.7182,959.552,605.8464,1122.2942
hdf5_4814_THLF15PCY5Y_1.jpg,227,227,handbag,6.9916,95.567,136.9945,217.5568
hdf5_5238_UBFNYV6NFTG_1.jpg,227,227,handbag,1.9976,34.5721,227.0,226.5687
hdf5_5344_VGFRFCRKXDQ_1.jpg,227,227,handbag,6.9916,44.5601,186.0038,214.5604
hdf5_5115_4KPS7G2Q3WZ_1.jpg,227,227,handbag,1.9976,56.5684,227.0,227.0
RHS2EJAUCHF_1.jpg,938,1274,handbag,89.9542,489.5982,789.0456,1206.6054
hdf5_5563_HYA9YCON7BL_1.jpg,227,227,handbag,2.9964,92.5706,227.0,215.5592
hdf5_4866_8BZWIOL4APM_1.jpg,227,227,handbag,1.9976,77.5659,227.0,215.5592
hdf5_5067_JN6MTLABR6Y_1.jpg,227,227,handbag,11.0095,34.5721,217.012,227.0
Y526IR0WL1K_1.jpg,521,784,handbag,27.9777,546.6048,285.9769,759.5392
hdf5_4665_ODPM6LWT9KH_1.jpg,227,227,handbag,0.0,0.0,227.0,212.9941
hdf5_4909_O8ZOF813DBS_1.jpg,227,227,handbag,18.0011,32.5518,209.9977,207.5688
hdf5_5178_NC624V4XGSO_1.jpg,227,227,handbag,2.9964,47.5565,227.0,185.5725
hdf5_5598_AUSS0C61FOM_1.jpg,227,227,handbag,14.0059,97.5646,210.9965,227.0
hdf5_5343_NXT38HN130J_1.jpg,227,227,handbag,6.9916,49.5541,225.0024,183.5522
hdf5_4919_9847V0AK46A_1.jpg,227,227,handbag,12.0083,58.566,215.9905,227.0
K0NQRGRH8ZL_1.jpg,231,308,handbag,12.7281,95.3876,225.1326,276.276
EONNWEPE2OZ_1.jpg,348,348,handbag,39.9852,127.5768,297.9924,348.0
hdf5_4958_JOYJ9YNIDHQ_1.jpg,227,227,handbag,35.0034,75.5683,190.9978,196.5593
hdf5_4695_3CNMT4FE9CV_1.jpg,227,227,handbag,25.9915,50.5529,207.0013,211.564
BAXMBCEVTYU_1.jpg,313,267,handbag,0.0,0.0,313.0,267.0
4MWW22OR0BP_1.jpg,588,588,handbag,8.9964,205.5648,577.0044,588.0
hdf5_5222_EU71ZKK68OU_1.jpg,227,227,handbag,14.0059,55.5696,221.0072,226.5687
hdf5_4794_IF3HNB0MLNV_1.jpg,227,227,handbag,4.994,11.5543,227.0,214.5604
hdf5_5320_J8157XFTQ0C_1.jpg,227,227,handbag,2.9964,71.5504,227.0,209.5664
hdf5_4813_QA2249H58CO_1.jpg,227,227,handbag,16.0035,77.5659,215.9905,222.5508
9S7GES3UZWF_1.jpg,539,686,handbag,34.9811,185.563,504.0189,627.5528
hdf5_5564_H98YEEOK8JC_1.jpg,227,227,handbag,22.9951,71.5504,202.0073,227.0
F9DQ9UBDU4U_1.jpg,784,784,handbag,349.0368,589.568,588.0,740.5664
hdf5_5048_SXMO87U0QKP_1.jpg,227,227,handbag,0.0,0.0,227.0,227.0
4DRFCRVN6GX_1.jpg,579,343,handbag,164.8992,128.9337,500.4876,329.8288
4EXX97SUSJJ_1.jpg,348,348,handbag,23.0028,127.5768,319.0116,348.0
7M7V3EPZGAY_1.jpg,1176,1176,handbag,61.9752,483.5712,1128.96,1096.5024
hdf5_5286_3E6W0HE2ALT_1.jpg,227,227,handbag,7.9904,6.5603,220.0084,224.5711
hdf5_4566_Z4YRE494UQS_1.jpg,227,227,handbag,29.0106,23.9939,220.0084,224.0036
90YSUTQCC3C_1.jpg,725,490,handbag,190.965,119.56,528.0175,485.541
hdf5_5152_190T8VNPDMJ_1.jpg,227,227,handbag,30.0094,55.5696,227.0,213.5616
4KA0SY1DZCQ_1.jpg,657,405,handbag,186.9822,124.578,488.0196,403.542
OENJ750NR4D_1.jpg,784,503,handbag,255.0352,202.5581,565.0288,484.5399
BPMZ8WH8IGR_1.jpg,735,735,handbag,60.7845,98.5635,671.2755,627.7635
hdf5_5031_5CWK6DVL7NX_1.jpg,227,227,handbag,35.0034,88.5527,204.0049,220.5532
hdf5_4881_YHZAXDQJS2M_1.jpg,227,227,handbag,8.9892,89.5742,223.0048,227.0
QKKPB2KN8UH_1.jpg,980,980,handbag,39.984,267.54,901.992,849.562
TC65K4ST8YN_1.jpg,354,354,handbag,60.003,100.5714,318.9894,354.0
hdf5_5590_OL5R35K868H_1.jpg,227,227,handbag,0.0,0.0,227.0,227.0
hdf5_5579_HF4NC5P9NWV_1.jpg,227,227,handbag,0.0,0.0,227.0,227.0
hdf5_4754_AZ2TAQU4HJQ_1.jpg,227,227,handbag,2.9964,73.5707,227.0,221.552
BRIR12L47MW_1.jpg,231,231,handbag,6.9993,102.564,224.0007,231.0
hdf5_4714_7CT9T5HBDAW_1.jpg,227,227,handbag,18.0011,45.5589,227.0,214.5604
hdf5_4975_1BAOGRH09DE_1.jpg,227,227,handbag,0.0,0.0,227.0,227.0
hdf5_5194_5S7JQHQ5APS_1.jpg,227,227,handbag,42.9938,52.5732,192.9954,179.557
VNA69WT2JPD_1.jpg,340,529,handbag,9.996,222.5503,323.986,488.5844
hdf5_5425_VRKY1VKA5AE_1.jpg,227,227,handbag,0.0,0.0,227.0,227.0
hdf5_4817_44SMMGLT5LK_1.jpg,227,227,handbag,14.0059,67.5552,214.9917,221.552
ATY0EF1FAKA_1.jpg,980,980,handbag,79.968,239.512,899.052,930.608
hdf5_4935_ZIFWTM62B9W_1.jpg,227,227,handbag,4.994,71.5504,218.0108,227.0
hdf5_5514_Y1NSAZ7KL4Y_1.jpg,227,227,handbag,70.0068,31.553,203.0061,216.558
hdf5_4626_S34SB3ZFL0G_1.jpg,227,227,handbag,0.0,0.0,227.0,227.0
ACYR3NNSMGU_1.jpg,637,956,handbag,6.8796,162.3288,616.4249,782.008
E3XLIF4ZK7X_1.jpg,942,803,handbag,11.775,18.1478,934.1814,794.7291
hdf5_5018_Y12Q04QEQSJ_1.jpg,227,227,handbag,1.9976,70.5516,224.0036,227.0
X0NTXM37ZVT_1.jpg,494,627,handbag,9.9788,173.5536,456.0114,603.5502
hdf5_5234_XR377GUW3SE_1.jpg,227,227,handbag,0.0,0.0,227.0,227.0
hdf5_5645_6J2TJJ832EA_1.jpg,227,227,handbag,0.0,0.0,227.0,227.0
VX6JTJJETKT_1.jpg,696,980,handbag,144.0024,572.516,584.988,888.566
hdf5_4681_DUXRLXU59OC_1.jpg,227,227,handbag,39.9974,82.5599,183.0074,219.5544
hdf5_5438_9SMU9O5D1AU_1.jpg,227,227,handbag,0.0,0.0,227.0,227.0
TZR354S78MY_1.jpg,376,324,handbag,0.0,0.0,376.0,324.0
MR0TMSSMP7L_1.jpg,2940,2135,handbag,0.0,0.0,2940.0,2135.0
hdf5_5498_4WZ3H1P0PDX_1.jpg,227,227,handbag,28.0118,113.5681,193.9942,227.0
E21LQVZD6TD_1.jpg,721,882,handbag,5.9843,270.5976,719.9906,820.5246
hdf5_4719_I6FHN6KRXNO_1.jpg,227,227,handbag,32.007,71.5504,183.0074,222.5508
P0ZF1G7CBOW_1.jpg,1003,753,handbag,333.999,120.5553,905.0069,615.5775
6OQDKIMDAZL_1.jpg,428,417,handbag,60.99,168.5514,364.9984,417.0
7XROTTOE01K_1.jpg,357,539,handbag,20.9916,125.587,325.0128,508.5465
Y1C1K4J14WX_1.jpg,588,588,handbag,404.0148,458.5812,583.002,568.5372
hdf5_5307_K393SP6ZIQS_1.jpg,227,227,handbag,11.0095,25.5602,223.0048,226.5687
TKXS060ROXN_1.jpg,621,953,handbag,436.0041,497.5613,553.9941,669.5778
8LNEEDI0L6D_1.jpg,569,1705,handbag,48.0236,135.5475,541.0052,513.546
GKCPJ8SQRSG_1.jpg,960,753,handbag,97.056,91.7154,890.4,704.5068
hdf5_5408_SVF9N4RXSTN_1.jpg,227,227,handbag,6.9916,9.5567,223.0048,217.5568
hdf5_4604_FTB6C78C44N_1.jpg,227,227,handbag,0.0,7.9904,227.0,226.0012
hdf5_5025_KO4VACU2NBJ_1.jpg,227,227,handbag,13.0071,56.5684,225.0024,216.558
hdf5_5075_RXNMIKXKA9H_1.jpg,227,227,handbag,34.0046,72.5719,191.9966,227.0
hdf5_5005_1NZGN0YPD1S_1.jpg,227,227,handbag,14.0059,24.5614,213.9929,190.5665
hdf5_5452_L0TVBV1E6MD_1.jpg,227,227,handbag,49.0093,76.5671,187.0026,210.5652
hdf5_5224_NC2TB03EUFQ_1.jpg,227,227,handbag,0.0,0.0,227.0,227.0
hdf5_4606_HFZTHUFLS1V_1.jpg,227,227,handbag,1.9976,41.5637,218.0108,177.5594
hdf5_4915_LGOCL3Q0KTY_1.jpg,227,227,handbag,5.9928,69.5528,224.0036,217.5568
hdf5_4742_M8VW6XGXQLU_1.jpg,227,227,handbag,28.0118,56.5684,211.9953,193.5629
hdf5_5270_FK0XD3VSUNO_1.jpg,227,227,handbag,19.9987,45.5589,227.0,211.564
UMV88JF2Z9J_1.jpg,951,588,handbag,27.9594,282.5928,335.9883,548.5452
hdf5_5045_EP5QDG6LOIQ_1.jpg,227,227,handbag,19.9987,92.5706,207.0013,227.0
hdf5_4983_O4QFJP8L16G_1.jpg,227,227,handbag,34.0046,105.555,180.011,222.5508
hdf5_4731_LD5IZ7NBXOE_1.jpg,227,227,handbag,16.0035,32.5518,208.0001,201.5533
hdf5_5276_4620DLMTGOY_1.jpg,227,227,handbag,12.0083,86.5551,217.012,227.0
hdf5_4865_A6WBOASNM9L_1.jpg,227,227,handbag,2.9964,88.5527,227.0,219.5544
0R96D9OT0UO_1.jpg,348,319,handbag,0.0,0.0,348.0,319.0
hdf5_5400_7YWSTWMEO7B_1.jpg,227,227,handbag,0.0,0.0,227.0,227.0
hdf5_4936_LZ6VDNKHGZZ_1.jpg,227,227,handbag,22.9951,76.5671,208.9989,227.0
UTJJXSVU6FY_1.jpg,490,318,handbag,17.003,3.5616,414.981,314.5656
hdf5_5393_FZEID2DQ4BR_1.jpg,227,227,handbag,12.0083,82.5599,222.006,219.5544
hdf5_5622_WRQF46VCETO_1.jpg,227,227,handbag,0.0,0.0,227.0,227.0
IPNXE6ORTBX_1.jpg,784,441,handbag,59.0352,256.5738,238.9632,388.5651
P5NCSYKUD9D_1.jpg,848,1274,handbag,12.72,638.5288,340.1328,1066.8476
4NG5S10O1AI_1.jpg,553,737,handbag,39.9819,238.5669,540.0045,644.5802
hdf5_4820_H66AZC0BG1G_1.jpg,227,227,handbag,16.0035,93.5694,206.0025,226.5687
hdf5_5449_Z4EW77D15YJ_1.jpg,227,227,handbag,8.9892,119.5609,224.0036,226.5687
hdf5_4565_Q3UR9H9BANJ_1.jpg,227,227,handbag,0.0,56.0009,227.0,227.0
SW80ZH7NVZO_1.jpg,735,632,handbag,79.968,165.584,642.978,581.5664
74KA09JBCMF_1.jpg,1176,1176,handbag,206.976,333.5136,1009.008,1121.5512
OSJBVE1B31R_1.jpg,530,488,handbag,40.174,180.2184,508.429,473.848
hdf5_4957_ZIO13J6H2PE_1.jpg,227,227,handbag,2.9964,87.5539,227.0,225.5699
